388
7191
7865
564
2450
2091
7466
7869
5194
不必
7783
1361
2768
8766
9839
2894
2049
6777
9859
3857
6457
7163
3145
4396
5337
2312
6575
3496
9081
根據
7345
2086
尚且
7332
1408
8259
8573
6539
1227
5409
1902
4394
1878
1503
8197
1303
5024
1158
其次
963
4690
好像
2244
3164
9519
3297
8915
7667
5816
9852
4754
6142
7566
3196
8716
8534
5621
7695
7181
9265
3124
9910
保險
9092
7952
3920
9350
3209
8970
沙沙
為著
4745
775
7109
8311
4933
5345
5270
2030
4341
2308
9862
1660
4209
9956
8673
8590
7753
6225
我的
大多數
6728
882
5113
7912
3900
2579
6924
1734
8044
5919
1499
7859
4983
3278
9674
再者說
8448
7634
137
7439
7379
不少
4426
9080
6504
8083
6333
42
4467
3773
8505
8967
9100
6818
6166
2153
4848
3957
415
902
4868
2310
3096
6817
504
4879
8621
2697
可是
5453
1658
3089
3683
95
799
4429
5229
7174
4582
4409
5313
6246
1772
9201
這麼
4930
3080
5077
609
5650
1299
默然
9505
2348
304
而已
7421
7578
4743
1091
或曰
然而
2666
1971
5360
適當
727
288
4491
5950
2717
8974
1901
8342
5777
感覺
7029
2064
8012
1875
8400
3020
上述
8328
218
1183
6691
545
699
6437
2534
4929
不巧
1754
為此
5688
7220
9899
6852
4526
9451
卻不
5479
7805
3290
暗自
8063
4146
9742
8829
1321
5519
5236
1511
390
5057
存心
9564
6992
4252
不過
429
從此
9168
9161
1057
5335
836
4174
1087
2571
5421
6958
781
73
6446
介於
7582
2453
任務
3220
9840
7750
3422
5606
6622
360
9824
3186
8993
1487
來不及
5462
1573
5705
9572
5672
416
9858
1007
上來
2838
5160
719
2446
5119
7455
8316
8338
得起
5466
9544
2659
5201
8381
7314
6703
9786
1620
3828
1414
擴大
暗中
612
莫若
6856
9992
3417
3946
3904
7480
7867
9600
8894
2919
3472
5741
6377
7433
2886
3326
3355
5634
1014
2191
8950
7737
6101
1522
夜安安
8775
8367
9388
936
1398
419
3413
2082
1832
9244
6219
7504
始而
7449
5512
1751
較為
7164
9270
8978
不單
4214
3447
1983
以後
8040
4779
2140
5452
2944
8450
8806
1199
5067
1492
4709
5490
4989
2277
3389
8835
150
2513
2689
1695
4258
5351
一下
6164
8797
快要
4916
不定
2937
5605
2575
1105
1865
8417
8369
3075
通過
8261
235
2000
7987
5461
6296
首先
8243
不是
3640
8181
4380
2652
5870
8833
所有
646
3442
但願
3795
9104
當兒
7119
3409
4415
8815
5354
7087
3244
267
333
5862
766
7161
4676
6636
5108
846
7248
撲通
4853
7484
9870
7390
諸如
7266
732
注意
5145
9499
3438
1080
4375
8984
7257
6424
1867
叮咚
過來
1034
2889
3500
9705
8299
3016
不錯
2854
3289
全力
《
3790
兩者
4682
5203
8106
5782
1504
5037
1348
1233
3562
5489
5687
5531
4722
9305
7584
3103
3847
何以
5288
誰人
6102
9026
7962
每個
3149
2984
5979
1305
6850
4985
85
9921
4644
矣乎
2380
7185
9107
8297
只能
或者
5184
9872
5320
3922
2989
9725
3039
8262
8528
1440
1467
6381
5092
非獨
1159
5043
還沒
6561
6432
8672
1024
哪裡
8074
7309
5865
1192
6763
6944
姑且
5183
9867
4835
6455
9427
9084
147
3193
6921
3270
5196
8306
4923
4523
3508
為什麼
1715
3135
8175
8909
363
6926
3344
4278
232
8699
6639
2383
8217
5838
278
1928
3462
他們
先生
3504
680
開外
7915
1722
7313
6883
7701
845
8519
5436
6934
4900
4325
697
7278
1129

時間
8787
9658
9531
9502
1708
9737
6891
3036
3854
那兒
31
992
5878
3686
9428
987
5834
4197
4678
9315
8911
4370
1394
9375
1039
8840
8697
1126
7077
3555
1166
即或
2474
9780
4776
6105
喔唷
5907
1911
7615
2302
4176
遵照
至若
2522
遭到
2613
439
1507
4224
1117
181
2596
7764
1415
9432
3579
5454
8671
2067
8722
3503
4586
4407
1697
抑或
7772
4621
至於
8874
7182
3379
7270
4005
5330
聯繫
5298
5018
雖然
9171
5347
5697
5589
4422
6525
7819
4713
9128
4844
6167
754
1390
8542
4840
2431
3964
3827
5149
4099
3885
1377
10
2157
9928
認真
1613
7050
6791
7975
7336
8522
8085
8229
5648
9837
8693
5927
7674
真的
2562
如其
5947
7095
用完
9082
840
8746
說明
7826
4451
6484
說說
6785
2388
5915
5736
1364
985
8442
3109
6790
4660
2790
8222
6540
某個
9652
4891
7738
1396
5407
5722
2762
9248
6977
1267
從頭
那末
9739
所在
4684
1025
5729
但凡
6775
6464
6514
2756
7284
8016
2749
3836
為止
6688
4999
2505
2858
3396
4888
1013
7356
7840
單純
9009
8877
7922
所幸
7707
9753
7829
4361
4134
4688
7039
8867
2924
1931
583
一致
8853
1803
6081
2180
5396
9456
產生
5744
7141
4817
2432
8086
3369
3314
3814
1714
5226
7787
1379
51
8779
6217
7808
3481
3549
8501
1989
4059
3012
5845
4482
3926
1191
9151
3519
1097
5755
5242
1005
449
9672
445
將才
148
怎樣
9609
6861
389
907
2670
6612
7295
9583
9991
5460
3570
5922
全然
5868
2540
1360
4865
6940
4849
3874
5700
616
1603
4441
1634
171
7917
9487
2993
4814
5805
8196
714
5265
6945
8155
6051
1073
108
頓時
8309
5718
4287
5131
呵呵
碰巧
4973
5652
8219
1213
關鍵字
那裡
4246
2154
2322
9017
7977
以至
它是
5884
藉此
7554
啪達
此處
87
8392
2614
光是
5448
過於
呼哧
6823
不能不
6271
6499
1749
7741
1787
7715
6512
9438
9120
5289
8387
5278
4533
4039
1437
3855
3362
5323
4298
9454
8056
7367
2011
5030
4998
化妝
1995
繼續
6064
6647
3775
1850
4035
8322
7691
9090
6419
4391
9943
7204
2727
891
變成
3973
…
8313
4679
7014
9234
9553
5567
4229
4463
串行
453
2272
8310
9281
84
2237
8039
7102
6316
2818
4755
大力
4251
上下
4084
同時
6463
6478
這?
2203
7259
2301
5058
5824
3483
8845
899
何必
2165
2660
2267
386
6733
6025
9465
1085
8554
9485
9841
6385
6112
4276
5467
7019
8132
3611
385
6914
9304
3279
676
458
7570
5424
1826
4514
2610
有什么
哈哈哈哈哈哈
趁早
4675
看見
9492
7331
4556
253
7936
4650
1881
677
9357
6302
8336
9243
33
3639
嚴格
1795
9094
160
3927
4997
5641
如上
3037
3070
8724
585
4673
3948
5140
6752
3752
4939
7010
9547
9231
7739
7162
6045
7825
7638
2002
5677
9274
9449
2052
5864
2452
434
2644
3791
9665
3464
8881
162
1775
3087
627
442
1407
3635
3700
6340
9906
6077
5458
8952
心得
6517
4449
6602
2356
7105
1595
3950
5560
9380
5181
4204
664
4183
2219
不盡
257
2864
行動
3917
3217
2680
6215
6472
1448
1138
3770
2928
1744
7712
9528
朝著
3649
1362
7791
徹底
8591
/
5949
8047
68
6095
8395
4663
寧可
721
1561
2497
1679
然則
2819
457
自身
2773
4457
2585
8594
7317
1395
556
從重
一片
2683
9735
6933
1631
7941
3441
7346
2788
6026
8163
9958
6713
不特
6667
6835
8588
1209
9970
3030
8839
2737
683
6393
完成
597
1122
8951
9719
8953
7803
2347
2512
極了
1673
2238
7392
4532
2239
2176
8905
看出
覺得
5451
8742
2073
看上去
8295
6655
825
恰逢
164
大量
4102
9912
立時
8570
4050
9068
8141
4837
怎麼辦
4800
3467
2584
9694
6534
239
向著
3665
3821
591
9975
3903
5446
1287
7844
3949
312
8491
974
4207
852
6511
1740
2731
400
理該
1564
8346
8393
那邊
1054
4053
9433
6630
6937
4521
5725
6500
8963
3071
2897
934
俺們
647
9361
比方
按時
1418
8488
9085
9967
6462
5966
8939
獨自
2004
他的
7244
1922
2640
8065
8445
8882
2101
9395
1490
9131
4085
一點
來講
4907
1262
2403
9891
3305
9342
4880
餘外
838
2035
996
如同
7743
648
8624
2679
5353
9138
顯著
650
2521
7655
7911
3424
8204
經過
另一個
4669
193
8683
7089
678
2918
3783
4453
9875
6826
6584
6738
或則
5837
5471
3613
1453
相應
7090
云云
最高
6617
305
因著
6413
6356
難得
3259
6100
2473
430
8600
6787
1219
8024
4456
7947
264
6591
7274
2393
8728
7526
只怕
7588
7378
5550
989
5552
5423
2113
5198
117
1839
5853
7563
4885
8422
5747
8676
2264
9253
6902
6032
2557
1635
2723
才能
7849
8703
964
6563
6849
3547
9926
9751
328
5192
8812
6749
7801
2444
1912
1535
7760
親自
用過
194
8307
不管
4571
3451
6811
502
5359
8088
如期
1691
6019
2376
哈哈
5047
6061
1538
3207
751
如常
8462
1488
5340
5225
6016
恰恰
8343
4010
9001
9857
8755
4696
6513
5013
分頭
加入
5217
451
讀取
6528
9504
舉凡
7622
3115
2722
2637
9868
2997
2027
9634
633
1170
2765
7696
4244
5911
9040
彼此
比及
6932
1935
6857
2360
9979
4254
8584
7773
9324
2630
9147
4486
盡快
6588
2019
6986
4007
8973
1455
1075
599
6398
5727
4561
那些
9820
9061
2955
6919
2326
9604
5417
9045
豈但
7502
4683
每逢
一時
5607
6995
3489
8753
2489
3622
92
4762
1123
3488
8233
3024
1017
1472
4259
9626
4852
2041
5296
7885
2526
5787
多年前
6458
6442
4768
2821
5571
8062
865
3354
3394
3236
4459
4599
1727
2242
4799
1247
3805
3905
而又
2048
5372
7425
7676
8138
2038
7557
3130
4002
8003
8863
4581
6315
6867
9102
2226
5157
4379
8718
7874
4651
5301
縱然
000
自後
2781
往往
8715
反倒是
2795
加之
7713
9846
955
7415
8623
4187
當場
ㄟ
130
1541
6062
5723
4395
1783
4862
9030
5615
1689
4148
6346
5620
105
6206
4458
3867
8709
374
本人
4601
長線
3262
1750
7576
9727
4796
1047
841
5263
1662
既往
8114
7318
1677
7434
5099
4006
5388
932
3410
3190
猛然間
8677
旁人
必然
344
2530
歸齊
2419
6291
5151
9656
5358
4839
9007
6887
268
6007
4079
4646
8443
1860
9895
8912
5825
3151
賊死
裡面
6090
115
8887
不迭
1217
3363
4583
9712
7618
9482
7193
8890
2070
6596
128
3148
2777
剛才
1545
6066
2114
4940
1598
7856
1474
9537
不由得
1960
576
4439
4125
8935
2420
1322
6886
2823
5525
2116
8221
7501
5107
4442
2261
7479
1846
2084
什麼
206
4384
5749
922
不滿
898
6606
5548
9764
83
3979
1807
5553
9374
1728
2227
4554
2095
反而
8626
相反
2846
6327
8595
3910
2427
5873
559
2236
7370
2159
1411
針對
3440
2232
2075
918
9088
2506
4096
9277
依照
5412
6631
8179
安安
4605
4764
2342
因為
6275
5019
5657
1356
3719
9345
9920
安全
431
9561
2977
3731
7641
8319
適合
4093
1071
8296
743
3485
5964
2034
5390
1917
7312
當口兒
1092
3750
5738
局外
4316
8487
8157
1710
3995
不消
4156
7656
9776
7796
6197
7538
8226
359
形成
3740
2177
希望
6526
3101
幾番
省得
7118
6922
2565
324
2323
6259
8025
8901
8612
864
155
6359
1968
5285
6813
7980
5171
3490
4306
1027
3738
1653
9655
9039
7157
9307
9241
2164
7230
6268
744
167
9695
1812
9455
5600
2362
3689
7067
每每
4963
9530
6133
2668
7972
9442
9630
637
5280
1974
4153
6042
4171
畢竟
8362
4190
感謝
513
4824
3919
而論
1536
設或
3266
隨時
3627
5020
2980
7610
2862
4498
2448
7423
企圖
522
3378
推薦
進步
1554
7250
3748
8691
5304
7006
706
1002
8356
6781
794
那麼些
2479
4774
615
6118
7921
4347
您們
哎喲
』
6903
2222
750
1955
8139
廣泛
8904
由此
3358
6136
9371
8986
5034
2167
8667
1992
5239
7822
4656
990
2979
3580
4017
2831
6490
2656
5439
406
9747
7498
1146
何嘗
2418
2742
443
6797
8049
5827
對比
6089
2279
不用
1709
4733
進入
6549
7500
5640
742
8459
不若
當頭
9806
8198
4397
5946
341
1028
8599
3246
2752
9522
5397
甚至
630
910
7731
2398
34
8732
8799
9453
847
7662
8158
非得
5896
3578
6332
6705
----------------
1264
2408
4275
4095
7393
6604
4822
3
5091
3372
8538
7901
8084
6779
2318
8147
5768
8160
5986
5306
4516
4771
此次
7341
4751
584
8569
6754
4268
7388
充分
786
1729
3769
2890
2724
6870
什?
3701
3303
1088
9224
盡可能
6129
9213
上去
2958
7457
5591
1521
8518
6189
避免
5172
3017
937
不好
3370
5322
2483
3918
3722
9779
2641
9413
8541
7049
9826
5339
3985
3535
3705
總是
5247
2018
7853
強烈
知道
6274
6374
1570
6232
7756
2814
>
5593
822
426
7352
9404
4386
2024
2844
9346
1947
3571
3862
1732
1997
8567
534
9919
7074
越是
4212
6836
有的是
4350
附近
1510
421
1894
5422
5627
9938
3412
舉行
！
973
8090
3288
4011
9329
少數
5714
5818
7514
無論
3870
2569
4549
5789
5338
3146
4739
667
9950
923
1900
3235
3699
多少
4088
3402
4036
2139
9680
元／噸
3928
5546
出現
6536
2194
2587
4836
7003
244
7385
7583
4087
2007
6250
2775
4627
9936
9486
2127
2951
6792
*
5286
切莫
處處
趁著
午安安
7532
它們的
3463
8946
7197
243
8184
6778
重要
2254
8723
6706
1258
9913
8385
3231
6286
3329
9730
7818
9718
9059
5209
6936
5916
9226
4262
3599
1892
有點
3458
6637
9112
6628
617
5850
758
5661
8837
3144
5093
7959
6727
3242
3604
327
8156
而後
6678
連聲
6450
4263
9031
我會
9176
3825
795
1077
6585
親口
2150
3525
2628
9046
4624
601
4992
1406
2440
1443
4938
1402
就是
1825
5148
9406
1666
5849
9948
8611
3754
6244
272
7261
8154
7910
此間
8378
1820
2306
這罐
哈哈哈哈哈
9842
78
1040
極其
5970
224
820
260
156
那般
4520
2213
3318
75
8559
既是
140
6056
1836
1124
5210
6783
4193
7153
3391
"
2012
357
872
9208
4094
1167
153
2748
甚麼
7631
2947
7145
7931
5760
恰如
259
6262
1665
5904
只會
1857
7474
8066
958
1519
5164
3608
哪天
3057
5974
6906
9276
8227
298
1863
1988
5060
5543
929
到頭來
9643
7672
7888
5482
2317
3002
5063
7473
嗚呼
9365
若非
3696
2252
7492
479
7973
沒奈何
9200
8256
2037
5769
2016
中間
2687
5279
總結
3852
5894
1365
3652
8969
2270
7487
4568
3184
9113
2425
9509
3607
2126
1019
1670
2940
8247
2005
您好
6137
7098
爭取
1717
47
6199
7217
乘虛
5812
運用
大體上
9617
3764
4560
1359
352
1549
8589
7663
229
5895
7287
2122
672
8759
5235
7740
4240
謝謝
9229
6711
4372
3223
連同
4389
7202
問題
9457
4161
5906
9089
倘然
410
6720
竟而
5486
相同
2915
6107
2423
8924
2015
9688
4472
能否
敞開兒
2401
9506
266
8250
7984
9358
9549
1913
8886
3176
3304
5346
9670
4977
5583
9284
5857
3978
6544
8332
理應
講話
4518
9908
8113
3201
3347
2010
9397
8031
280
1276
1222
9066
3301
353
4947
那麼
1905
9586
1811
3801
9299
剛好
庶幾
9079
8618
4575
252
5392
2334
8936
9271
875
基於
3359
5958
好在
7412
3038
8185
略加
9812
6433
1614
2455
7364
3166
7708
4405
5866
89
1916
2156
4199
3261
不時
6127
6729
174
8208
7543
5017
2550
3010
4331
7932
9396
527
7381
7519
5766
看樣子
2539
到頭
1426
3962
3487
僅僅
1452
且說
8947
主要
888
截至
3898
6611
9577
9994
6746
6029
7018
3073
4388
3382
2462
9400
多數
7134
看起來
1550
7835
9043
2523
千萬
3374
4226
3816
3092
9683
3129
各種
7472
2804
6242
2335
4910
2042
780
8458
5810
4552
2576
438
2445
7001
全體
4106
8168
傳說
8581
2744
1632
7168
8961
3636
8730
7661
5260
1668
2256
5844
1212
0000
7409
4647
2863
4496
6971
5590
非常
4866
2650
9882
437
5848
1529
再其次
7084
3909
5125
7365
6951
2173
3915
1136
何況
3998
1686
2636
4115
1808
2932
3728
3280
8123
7795
6131
5710
4443
942
7051
3170
5764
）
2520
5262
1622
757
8767
再有
3331
7777
2087
8868
292
644
6401
7091
7476
8080
2597
特點
6672
7596
6453
4629
6491
倘使
5261
7765
6173
馬上
1891
6314
1240
7757
則甚
9334
3445
3749
2839
1747
6592
4620
5231
5807
8994
進去
互相
1737
3561
6423
日漸
7769
8638
3584
1444
3546
1127
5720
3452
3757
3336
6171
16
59
率然
2730
7136
5592
4597
1327
7645
必要
7616
加以
憤然
再說
2379
6774
1319
6884
1351
3637
966
5800
4693
277
3081
5011
9525
4609
6152
9336
3515
270
6941
不曾
5191
7120
7956
咱們
3890
4283
8474
413
3517
8150
6845
8051
5702
8104
特別是
1778
3202
8277
不變
9877
7249
2265
625
4949
7116
5932
2220
9097
小時
5380
3183
9300
5342
306
247
8675
8892
7726
9275
有些
5973
7592
7828
6794
3566
3833
7212
3243
7639
8355
8751
2485
5327
凡是
盡然
5267
5431
9545
1011
出去
5497
9185
7056
5078
530
9660
4211
279
9148
7173
1404
7852
813
3106
2292
6568
4763
膚質
9639
6925
7237
3840
到底
8690
5618
8647
8917
8902
7925
1707
4133
3772
5272
9934
2802
104
2478
3356
1848
喜歡
3375
3709
542
8545
6080
7497
4714
3609
簡言之
9075
5365
2371
2456
5202
5118
4333
3597
9408
8932
80
1015
7252
9070
4119
9436
連連
6124
9726
2715
4297
6006
漫說
3383
2467
4414
7598
6825
仍舊
7325
1765
3432
8747
7706
1694
正如
1473
3323
5603
9662
6572
6654
2017
常言說
9696
3572
5033
2552
4320
2093
4728
7724
不如
3168
豁然
及時
2933
2274
6641
具有
按照
4619
5002
3602
此外
2820
5921
5464
8981
9246
8284
7821
4767
8276
6000
1655
961
9182
1723
2633
2324
6240
2972
4304
8580
2021
8923
8910
7431
得了
7057
6186
731
8553
3366
8329
4964
3551
2568
4366
497
9599
9447
5311
1355
3766
2941
9050
1514
5259
4430
5367
1738
滿足
5355
6497
嘿嘿
8242
7140
2003
8772
戰鬥
9430
6477
2045
7670
9239
66
8756
4243
7358
7308
9467
5839
4558
5637
4818
2914
不下
8820
659
915
8674
2174
7253
4538
1786
5295
3586
1674
6961
4674
4219
9584
3247
似乎
有力
7848
4780
7324
2884
前後
6465
立即
5575
4235
不足
發文
8533
以來
1930
5872
5015
5491
4574
9332
不妨
8434
6046
1108
219
3296
4932
5206
4487
7215
7060
3631
4537
9836
8864
1193
23
8575
2182
7914
6508
8493
1975
9914
2026
6426
7283
8430
8257
1496
2336
9373
5716
622
2882
5802
5673
4806
3681
9383
1416
1006
9183
4617
5180
3252
7890
9534
6445
4628
8650
5556
6864
2290
2678
鞏固
6815
2470
8058
7106
處理
4004
1326
5542
2531
8610
2158
如次
1280
9121
1317
7957
2349
940
9847
9101
2799
8865
8273
4502
9757
4111
4935
9768
差不多
6036
7361
5711
4309
2929
1062
6418
881
1809
7626
4887
9462
5161
9585
8866
5528
6338
432
9167
6154
6480
4737
4834
4908
8009
不敢
2842
7348
6871
4808
9809
210
7565
1713
1148
1945
8045
8989
9287
2463
8255
2395
7833
2434
早安安
不獨
8503
379
9578
3524
急匆匆
2684
977
7552
用來
3131
8351
9348
5377
465
7200
4075
8285
7462
8664
3062
3060
81
必將
哼唷
4769
4150
1885
1704
4801
1683
801
整個
8547
3061
5526
8228
5038
6009
9593
4958
4783
7991
8609
2726
30
4295
藉以
9903
3465
6830
3589
恰巧
9960
5378
1228
1859
1612
1810
9219
為何
255
4299
5418
1602
6954
1952
3320
8632
4570
假使
3345
那?
5642
8802
2281
558
6947
略為
7481
2873
7007
2725
6761
7176
40
5521
60
1041
1010
3074
6635
特殊
4270
6263
9484
9387
2088
5170
5364
3876
928
1555
背地裡
5484
9008
6310
2681
共同
862
4436
3251
9204
9349
4495
7214
9597
2612
嚴重
7465
取得
2205
2076
櫃姐
9003
8585
無寧
4344
4594
4886
5626
要求
4511
8046
1179
9861
7812
不外乎
5230
9818
6461
之類
1423
1642
4292
6542
8992
5498
3178
9123
3780
8380
1208
庶乎
8597
7454
1782
6879
5068
3045
1656
4698
8771
168
8402
2968
3431
8792
2906
2712
6840
1815
8725
7968
4493
1151
6993
毫無
2466
2662
1831
3695
9523
7778
4151
遵循
8602
7008
1393
9142
7815
5104
7594
626
3213
4699
7971
仍然
代替
盡量
4563
6755
2458
39
8078
5791
7113
9733
3018
5510
8091
596
7354
7935
7817
301
6506
9207
7868
3868
3601
2603
8358
7241
9038
5403
9759
1961
相對
5830
3727
7303
6904
3368
6172
假若
4912
有著
6966
3659
1537
1583
5801
並沒
2524
當然
5937
7657
6399
3661
6033
1204
7234
3414
5997
586
6145
6191
6143
6803
933
分別
919
9667
7896
3629
不但
334
2092
5742
1269
9628
9603
8668
9000
1766
5382
6392
策略地
4592
946
2827
與其說
4641
6431
3806
8249
8593
限制
7845
3128
1133
297
譬如
由於
8032
1813
7542
6249
824
莫如
9771
5536
370
2364
9517
1067
3324
1164
3034
8304
之一
唯有
7643
9410
2978
6052
7207
正在
7934
5781
您是
5860
425
7556
5731
392
5139
2546
8498
5580
8087
3317
5882
1862
568
4065
2183
7619
6386
8396
808
3865
9732
7680
2860
8282
3118
2588
1367
7167
9331
1225
6345
6957
7443
3741
5039
8710
5955
6247
2162
5522
4596
3066
6469
1277
當真
2508
1038
複雜
3292
624
2447
6429
762
5132
4785
現在
6860
8224
8089
決定
2196
4712
9437
6653
2741
1058
二來
5246
792
5336
2806
7059
9426
4335
美妝
4631
6962
3768
1767
3197
5875
1637
2044
2428
00
2135
3052
2399
6243
708
1076
9963
6330
945
6555
4064
9015
7240
6410
8662
651
9356
1293
2943
953
5026
4588
9551
4761
6438
6855
7654
826
6071
9969
另有
7508
1078
9055
開始
5021
274
交口
8530
8206
1045
7857
8371
過去
8644
349
1137
5435
2554
9641
7165
維持
3656
3003
1430
因而
8968
8517
1761
路經
能夠
5808
7681
1855
8523
6391
791
5671
3192
9715
2102
7810
7111
4547
4239
5463
9657
8813
7671
686
誰料
5240
5908
367
2397
4640
6128
6350
9618
5617
418
7775
7788
9834
6498
2503
7745
一面
7394
[
8572
7982
1566
6601
5537
7611
7729
777
636
9575
4773
4794
4217
6609
簡直
3703
2688
4261
4821
8736
7464
2904
8173
839
4221
8390
9922
3147
1806
1445
1433
2482
8499
9150
不會
4105
358
9370
主張
6440
1149
3337
713
開展
2275
7170
3834
3298
5753
萬一
6595
乘勢
倘或
566
1950
674
那樣
7016
5841
5444
5455
3799
3987
1980
4917
2623
這時
19
4025
背靠背
729
9581
1037
假如
6474
6303
8876
7669
7717
我是
你們
9181
7872
9172
6964
2117
665
2808
1272
1053
7366
3751
5877
9810
1526
4110
3545
6155
8801
3398
2528
6097
3623
3157
723
6202
2214
9932
1837
連袂
5944
2494
1436
7171
3079
6038
2682
5598
2619
8576
8930
3276
4918
準備
8598
3084
894
5218
517
4870
6495
轉貼
2129
4965
722
988
2476
7830
8778
656
3204
1298
不僅僅
4579
3312
9205
2661
9473
25
1590
6675
6425
7417
9425
9381
你的
6011
7386
9927
6492
6821
1130
1220
8174
463
2865
456
6074
5276
2193
9423
2372
5188
7445
9721
類如
3044
7053
8998
2516
4318
1796
3228
徹夜
7339
全身心
2691
2366
5953
154
7918
6380
9860
4345
812
3654
1008
4216
2676
5420
3767
格外
4307
2753
9106
7148
7196
175
突出
2761
9187
3831
8398
1232
6165
1771
4406
1607
9588
6086
1429
4390
9385
2297
9069
4483
28
反過來
6800
120
1500
860
4041
9067
3105
不起
959
個別
975
1797
6554
9793
9119
1792
3449
4249
6043
2769
9415
6712
7955
9256
7536
222
6983
5404
論說
6396
7092
5333
2653
5429
2572
3680
5115
4905
7722
5988
累次
1742
別是
8629
3093
6241
1664
7832
2927
8776
4236
7620
1877
6157
8429
9965
6972
8053
70
9562
9446
5793
738
3598
2319
5073
246
9435
2822
4028
3281
1562
5746
6122
3210
選擇
並不是
8263
6233
7630
1610
8428
3339
5728
6135
3255
7403
2469
8636
6125
2740
146
6808
6819
9420
9729
3137
9195
8419
7600
6003
8734
1110
3693
6621
6999
7463
5182
4841
忽地
1927
3832
6735
3983
5376
8027
5221
5051
5565
?几年
880
8467
2202
8075
4540
265
2181
5683
5153
6245
8349
3473
1706
725
8203
7794
夠瞧的
8803
3520
7522
據稱
6005
1528
82
5255
這幾年
1996
9968
8216
7088
7636
4351
7768
1114
同一
5854
5788
6093
3969
2686
7413
1347
529
9203
成年
4634
5152
9550
9021
8929
9156
4408
(
4671
3310
7751
8119
9576
5413
9418
哈哈哈哈
啊啊
509
6910
5014
5889
1949
2751
635
7761
保管
9198
3955
925
3938
8574
2911
4091
5520
5991
1061
3264
5524
1099
9247
4970
8614
難說
產品
5740
9461
6975
5264
7066
1090
6276
7562
這瓶
6106
3651
3152
3117
4787
3240
745
1753
9579
3400
3744
9987
4927
5027
3934
9516
5321
2053
2985
6909
2621
462
4503
4828
6829
6134
3434
4653
9134
9027
9558
7475
7139
3873
不可
9301
3945
1739
或許
1544
3889
4452
8291
以及
4962
4506
2767
842
4231
別的
6351
2800
9362
2331
707
8007
979
7096
8809
8312
2313
8278
1279
6120
6868
854
8566
29
9560
6737
590
6930
8535
3851
今年
787
2545
似的
2883
2851
4792
5721
3321
)
8050
5334
3025
3990
8339
9238
2785
6946
661
7907
8013
6530
8557
895
8555
也好
8546
6670
4577
9448
1793
2152
2260
3219
3433
3968
4695
設使
6839
5665
4029
492
7793
3299
1615
4562
7802
965
1798
1187
最後
6806
8094
這種
1032
8511
5080
4112
5976
2922
5142
雙方
7864
8560
1876
2357
455
6326
7275
5558
按期
855
1165
親手
等等
2368
2209
5682
8452
甚或
2853
6308
3937
4741
9145
4626
8077
7640
別說
8908
8962
3095
2353
4490
6365
7889
5361
某些
9303
286
1251
並不
5625
3387
1112
7564
3536
1135
2561
6750
1725
8375
1774
哪個
4638
9527
3974
想著
3548
76
6694
3788
3871
矣哉
577
莫不
3334
2435
303
7567
6183
8
9073
5000
2141
604
9762
9822
5923
4086
5476
3493
4241
2495
9981
1281
普通
9180
3046
2750
7121
8959
9573
6827
9513
2852
5599
4857
組成
533
5690
詳閱
5143
1506
3241
4123
8586
3054
立地
3684
確定
8843
8370
7036
4805
4611
1001
7797
6702
彼時
9463
9767
3576
201
8471
哪邊
6898
2330
1672
自從
6117
匆匆
7344
6651
1457
4957
7382
8784
4230
3657
5441
6402
508
806
5581
集中
685
5823
640
5796
314
8805
4016
看來
湊巧
4438
5901
3822
6619
非但
767
3315
8360
1314
2131
不到
3702
6436
5370
3224
7233
4485
9807
4632
6987
9611
7143
481
261
9232
引起
581
8502
7107
1958
1998
857
8444
2743
1724
1211
按理
8116
893
2417
6708
2735
4758
8529
凝神
2149
8764
949
8899
8323
5343
9787
2056
9760
9706
2861
9118
5751
1530
2344
5668
果然
1671
叮噹
5089
4729
3537
1690
1726
7288
1026
4031
1873
8817
下列
1296
8858
7103
6969
明顯
1802
8364
2475
375
9953
9116
2185
4032
2974
3349
比如
3023
這有
2782
版規
7700
=
1777
5798
他?
1346
鄙人
1292
112
4024
632
7943
967
1879
2284
8033
9878
2381
6285
9648
7507
般的
3211
2283
2179
9710
7399
747
736
8410
5704
5040
320
6842
6963
7754
3747
～
9884
隨後
1604
6200
8352
6205
133
2870
5082
3839
2054
6254
8620
9379
6382
5457
8774
452
4022
2999
999
8605
41
5500
加上
7928
6020
8305
4109
8483
2100
9821
8873
3019
1563
6876
【
8162
8101
3646
9532
9216
6443
9533
8878
1696
2358
634
8279
9310
6284
7763
4746
心裡
7221
947
5487
563
5415
6415
入手
4820
4233
3619
2006
5647
7550
6427
莫不然
8707
9724
1903
4159
653
9801
5291
7986
1270
7694
2345
誠然
2896
可能
3939
4766
2963
7471
2464
4721
3014
8183
2535
9918
8191
有利
7192
4530
9308
7513
什麼樣
9713
4480
呆呆地
7432
從中
7380
先不先
7404
9479
6892
4213
6593
總之
8949
620
4756
828
3779
4517
8985
9594
1915
9782
2363
3250
913
8192
就此
多麼
7503
6
到處
1675
4208
908
這個
9273
2939
究竟
果真
而外
5488
7668
2813
9249
6579
24
621
6618
8954
1495
5214
8010
2558
4301
另外
7224
5633
6305
6479
427
4522
6283
2130
9163
5703
7296
6683
3715
1948
賴以
7132
4781
3461
8268
9569
9915
5515
6709
6072
1588
6371
4363
4874
7033
6483
5168
1692
7254
9744
384
9049
6430
黃金
2671
2779
6917
7665
3203
1720
絕頂
8822
4941
600
5375
3924
7771
1335
1840
5405
682
3428
2635
2299
3778
7158
1764
7279
871
258
9659
7251
1868
1250
9166
1081
7247
4643
2829
不夠
7790
4987
5887
7320
一方面原來
6662
1718
6732
正常
4823
5095
7189
608
6953
3406
5614
1682
7410
其他
1139
早安
8527
9897
3421
3666
4782
3592
3624
9115
1784
4448
4914
9179
107
8999
6297
63
2910
4926
起見
6997
密切
日見
差一點
2013
成心
394
7446
9042
9512
506
4685
5053
1756
真是
8280
2847
2996
555
5065
5815
2582
4317
4401
8996
6273
6820
868
299
4895
4896
間或
8446
6290
44
4718
9105
1341
7009
猶且
1587
5287
5859
6201
5293
5962
9223
7742
9170
2178
6188
5016
7448
9108
4613
7686
8427
4392
加油
9327
9673
9808
5910
5129
取道
1835
9469
1567
2286
6531
6696
884
6676
8931
7246
7590
2384
8596
9596
9929
4607
1608
9065
4705
6770
2547
9738
6771
5445
5821
2627
9318
3476
9559
2982
1441
6335
練習
345
3901
深入
6895
9392
5772
8943
4473
1231
1100
4576
4170
5155
8821
5501
8781
7899
9832
9685
本地
1044
3618
5049
6342
760
9165
8281
6229
8137
1611
2104
7976
8669
3564
1178
2935
8608
4062
次第
6394
7195
1246
4826
4329
9188
4655
6207
935
5898
3531
5084
8100
6920
9096
普遍
2338
2377
4237
3921
43
9189
8508
856
4847
1735
一旦
185
638
9944
1291
1176
9191
7923
7128
9057
4697
7958
3603
人民
3634
619
1884
6048
9029
4469
4253
5387
5514
7766
5876
頂多
9444
2817
就算
7187
1693
4901
之所以
1382
9125
8122
8616
2190
1638
5534
6414
1454
幾時
3824
從而
7836
9972
這麼樣
正是
1344
2713
巨大
8120
9802
乘勝
3031
2369
377
打從
1804
1023
8804
2289
9548
64
9864
2617
8423
1929
6139
6620
8811
817
3996
4450
4542
爾等
1600
1315
4114
3532
9494
2410
3155
8883
倒是
4312
5706
7396
5654
4591
3249
954
8525
6607
2248
6744
2711
8386
7037
就地
6915
61
1168
乘機
8461
8112
4708
1494
7725
2538
9010
5574
不免
2411
8190
3991
4484
設若
234
523
2708
7568
9422
309
2532
9264
6565
6088
886
8399
7784
不得了
7571
1842
肌膚
7540
6880
7929
從嚴
4466
4164
2654
3195
8991
4889
5613
6833
8213
1628
9524
6559
20
3692
198
8231
5004
3491
4315
乃至於
8001
9995
9552
8897
決不
4573
8854
3097
9830
1939
啊啊啊
9354
5655
2351
8642
5135
2609
5754
7391
7459
6329
6858
500
9424
支持
5481
2343
580
6388
4534
3455
各位
5943
6024
2787
7076
5389
迅速
2601
6473
1115
1938
9140
9259
5241
不至於
累年
3820
126
也罷
一切
6888
6079
有效
5232
2648
784
551
4497
4975
8209
理當
7115
6435
7256
1234
6417
746
6853
7262
就是說
528
909
330
5579
系列
657
2477
8314
7290
7989
3306
古來
啊喲
4798
8289
125
失去
意思
7993
便於
7705
7004
101
嘎登
8411
9629
5066
1357
4832
3408
6362
5122
2706
1577
叫做
9959
3771
821
3694
49
9602
892
5597
2115
前此
7881
2938
3474
7535
6422
3895
3000
9645
7880
較比
1817
2459
9004
1904
7054
8928
『
不怕
9478
9896
昂然
8093
4740
6116
8376
》
1128
9037
基本
7807
3762
9405
157
3263
2615
7211
7460
5124
9769
進行
連日來
慢說
4194
3068
1244
1914
3077
2950
替代
7577
5299
448
要不
7166
2629
別處
7699
2969
38
4734
1308
4686
9811
9827
2426
851
8564
8921
3140
571
2062
得到
9536
不得不
4981
1568
3830
不拘
3956
8186
3557
2103
5480
3565
8326
一天
5936
27
6070
2221
8178
2451
6968
3796
669
人人
1623
5031
7510
6193
9352
1524
7873
1889
3064
5055
1823
6282
8248
132
342
4027
8536
3226
4830
8831
7073
4383
7447
8021
2857
1899
8630
1142
3644
4200
一番
6322
6212
96
2028
412
7698
1118
3180
7711
5573
765
7537
6324
8439
1547
3385
3612
5303
4747
3032
8657
717
1843
6304
8926
6980
6994
6673
9592
1650
702
7834
8401
每天
8212
4555
是不是
8300
2346
9014
9664
7551
很少
7759
達到
3902
8235
7950
1856
8073
9625
1480
8748
6486
7291
7397
5883
982
6809
1906
除去
4772
6068
9508
3648
3913
1144
2031
6376
8267
4569
莫非
5228
8660
縱令
980
6626
高低
9679
681
4337
7939
4980
310
曾經
7703
347
5846
3813
7263
7129
8830
739
770
6298
甚至於
隔日
3543
8711
1681
加強
4083
1345
1553
3688
2594
8914
8194
1325
9925
大略
6069
6292
恐怕
4649
5012
805
6138
況且
7520
7719
6862
4854
4288
6846
2835
407
1121
願意
7617
2125
8151
7082
6234
3376
8416
7180
9227
7285
180
6354
5044
8607
2442
7208
273
5205
2514
9612
5763
422
4057
3933
8433
3668
7727
489
2716
1845
屬於
9800
7942
9077
哪樣
2295
2374
4652
大體
不問
789
797
顯然
818
602
9893
9708
35
3817
4425
8188
6447
2931
578
2646
7368
4046
2276
3518
3423
1173
3626
1534
1302
9691
9631
5102
2519
1030
3009
335
8223
1042
9748
1937
8568
7824
9754
3042
214
9692
6162
3361
7533
高興
391
9984
3529
中小
1532
1184
出來
5300
1731
3853
1887
了解
做到
6580
3698
5250
4732
5538
3187
4026
3179
912
8269
1481
1215
毫不
6475
2970
5858
8124
相信
4387
4330
772
291
恰好
3677
9202
8507
834
7723
3577
只限
7485
1543
3912
任憑
9192
6532
7990
,
1307
6998
6802
陳年
8957
4273
2945
4543
5249
7012
4614
7587
48
3029
5
3497
5369
目前
9091
8577
1559
4566
2367
歡迎
3826
906
7281
、
7272
9556
5064
3007
常常
8171
2268
548
3972
即如
6567
1621
7416
4117
4127
2502
巴巴
6878
3392
6179
1189
8827
5438
4167
5762
628
2163
5799
7913
立刻
沒有
1289
鑑於
7405
9856
666
此地
7652
7920
1381
5402
1625
1523
7798
2690
2913
4310
6496
9052
2389
4878
我?
2385
請問
4149
5999
5734
7780
440
4220
適應
4165
3256
5159
4950
自各兒
9129
8494
5667
9154
4202
1790
1651
4913
1785
5963
”
5610
9466
不已
4447
7572
8128
4504
5395
5331
675
儻然
149
重新
3593
5430
1909
52
118
5434
5609
4875
378
2355
2849
4431
1109
該當
8029
3360
1283
2106
的確
9817
3787
3125
997
6099
即是說
3929
6485
3284
8579
679
8578
5237
1624
8214
1663
9443
7335
5141
範圍
6682
7684
3841
7632
5158
堅持
1156
3891
1883
4291
4777
1458
3538
經常
7269
7069
6873
勃然
8415
9684
3047
寧願
3102
2867
5269
643
8990
2282
7718
7444
8200
8318
2215
5903
7138
1493
4421
7311
3707
6067
8617
7547
4282
1461
8712
183
9642
6221
5635
7114
7225
3952
6979
9186
4765
4038
9047
不論
6223
3078
2300
804
4001
9610
283
2187
6451
6948
9153
6230
3550
3600
1954
8628
3439
8002
4974
7022
5121
3274
5737
629
3575
5428
相似
緊接著
176
1743
5233
5811
404
6743
8333
難道
4116
9401
3667
3090
54
7292
1221
127
不怎麼
4919
2611
5374
3582
6782
6608
7169
3475
當下
2424
1640
7758
547
5770
1591
為了
1972
8794
9791
2948
合理
557
不惟
7175
8565
1333
從輕
9321
1389
3818
518
8652
6471
1323
9022
1897
5752
671
1033
2510
3960
9464
4994
3556
9661
6650
4515
6260
4784
7126
3459
9772
2273
3113
4499
5969
3257
8847
1125
2936
3275
4735
5649
4021
9933
397
5100
3846
一來
起首
8330
3842
1517
208
5384
豈止
2151
8292
930
6893
2266
2123
絕不
6366
2780
3072
8540
753
9164
6510
別人
733
1175
6481
6780
649
1214
7486
7038
2404
2515
7613
7779
牢牢
4510
5891
2567
3883
308
5616
3732
8791
4420
反倒
3785
5003
怎奈
3425
1065
710
614
5136
5867
2128
9282
4750
是以
756
2144
4365
4155
逐漸
8916
。
9501
9539
1003
368
6533
9338
4070
4326
8633
916
5803
3198
6938
3671
230
8460
7124
8164
7902
9497
（
9507
7360
9260
2651
196
7799
4567
2959
9190
4081
6050
6982
2903
741
7023
6551
何須
1882
9399
9843
8379
8111
6848
7544
一樣
606
5297
883
到了兒
4539
737
135
8237
3005
5103
5022
2058
4500
3348
5178
豈非
9947
4090
3539
4107
各人
6632
3478
2370
2314
2992
5010
1557
4585
4201
7078
7525
9431
589
6625
4272
8449
212
119
3456
5586
9740
5179
與其
8420
4475
不力
348
偶而
共總
938
1963
3908
8061
4184
1669
6379
6373
7419
還在
6216
7720
3104
3844
1290
6293
4948
3523
9671
6294
通常
2729
8549
5602
203
9367
2416
2287
2616
6140
5584
9831
5459
9805
4559
6784
3993
8940
4701
9974
9682
3880
7893
4546
5596
1340
3001
7541
屢次
7629
5190
7827
4052
3171
4969
3454
373
7355
7930
1275
截然
8506
9939
默默地
3628
5555
9288
6719
7586
3234
6718
4242
1994
414
9312
197
365
9784
6538
2043
3272
4104
2155
3405
3897
8251
並沒有
6299
217
1941
1471
抽冷子
2879
4858
2090
2484
4872
6955
9720
6984
8260
2429
5902
2145
343
3482
7294
7732
2878
8786
5660
的話
2976
7709
5773
4654
6798
2921
752
向使
這裡
1342
5130
9135
1585
2350
4943
3944
1951
8552
5186
223
5547
2298
9883
2589
8015
6018
8942
7660
3335
6523
7863
5693
5928
4662
487
4711
5920
8407
1237
7372
8563
2262
6583
6468
3286
1520
5900
3126
何妨
5162
9133
1312
3182
9194
5624
以前
1446
1752
86
321
184
46
：
6769
4144
前者
3730
起來
6965
不了
3674
9363
496
221
6439
499
4136
今後
8463
6013
1107
329
8531
最好
乘隙
2493
5707
7800
5468
6336
1049
9886
1977
4356
5133
37
8752
3218
8414
6228
9498
8556
放量
自個兒
1465
4725
8048
6144
6258
4603
7838
2083
除此
5559
1334
即使
6115
1338
5893
1801
4942
7147
2394
7071
5601
163
5385
9495
6863
800
6537
臨到
3460
3466
7125
4169
9314
東西
4606
1874
2390
5352
9728
1918
4206
9792
8431
610
2407
4790
4343
如果
4680
又及
4427
7673
6624
660
8516
4953
5629
3222
7967
9783
7762
1160
325
900
242
8872
2973
9902
4228
7965
102
494
7970
3287
6344
5088
5023
2964
7264
9865
768
多次
他人
3357
這兒
4851
9935
結合
296
5669
2229
6196
9333
後者
為主
2560
前面
何處
1645
5644
5281
4642
5174
3884
4382
6092
7030
6325
275
6723
9905
4470
5215
7623
8152
618
9006
4013
4778
多多
6638
5308
8627
2378
1560
4550
4154
6182
9930
4659
322
1518
1973
8389
6214
2247
2217
5780
5611
9654
...
1818
2457
5938
不外
5195
8659
4321
2923
8254
4418
5989
4113
1575
521
477
8770
970
1762
2511
7268
4177
6546
6220
4986
3154
7152
2224
5545
有關
8252
8768
8765
5987
3051
而言
3316
2216
6923
5234
暗地裡
5008
5506
5266
8782
1131
9998
諸位
6252
7093
8327
6912
8464
有沒有
2147
8161
其餘
4658
215
3367
4548
9849
2437
5656
6693
3528
5608
對方
8524
2080
9146
7998
5222
4308
5440
9283
2620
2759
2051
如今
7548
5187
6949
4020
484
3815
4346
593
57
7604
9063
1993
6816
9848
6981
5578
從速
9407
3006
6375
8055
7637
6218
6312
7280
4877
6014
5651
4951
5735
594
6901
如是
8891
718
9620
6010
1419
即令
1330
1659
1055
9666
877
2701
8368
4507
哎呀
9477
2278
338
486
8988
4813
3098
371
129
2877
2316
4681
4248
9543
1301
688
6476
1565
204
142
4060
7978
3811
433
7017
絕非
何時
9815
5329
7227
3013
7883
8696
8207
8301
4893
1979
6597
3711
1569
9835
395
524
3745
6623
9637
6238
基本上
8900
4564
6689
5888
1048
2072
4097
9293
6098
4055
3351
3621
如此
2085
7675
7782
3230
3617
9675
2518
1748
6834
猛然
5483
9749
9099
4748
8537
再則
6587
476
8885
1942
6570
3132
7104
7625
9158
4455
2249
3133
夥同
6384
3437
5942
方能
8127
121
7430
2134
7194
6452
8134
9614
3267
5948
658
3704
7079
369
1505
其一
1794
9488
2720
哈哈哈
8500
規定
5871
417
1150
2240
3658
4752
6198
1103
469
6044
2892
4186
7954
2593
7327
4063
5502
9885
5163
今天
2692
6178
7435
5085
9359
1630
7286
全部
還是
8481
5926
3907
9347
5685
9647
3963
8760
2916
6334
776
4633
7963
8469
2387
1940
竟然
6403
924
9295
單單
5442
5314
3225
2709
3056
4861
8482
1369
現代
6589
1736
911
3471
1828
3322
4139
6395
絕對
這點
1068
2161
3710
6844
6520
700
4371
3850
4802
那麼樣
7495
分期
598
4825
1525
715
7895
4196
5394
5980
7988
5879
4551
2146
6668
8639
276
9650
9613
9619
1420
2361
實現
依靠
9538
734
2695
639
8777
5061
9554
7876
3380
8919
6301
頃刻間
6812
2208
8670
1485
5328
3861
8859
8472
不止
不比
1552
4988
9221
1059
5594
1606
3807
不能
7086
3163
2772
3085
3558
9541
4137
8308
至今
3685
3371
1934
823
4348
8042
1869
3605
2784
8927
4178
6114
如何
3872
7969
3457
1741
8394
2132
1132
9714
106
6758
一起
5410
9722
5294
435
1435
5319
5686
6590
2234
8097
5433
9483
4158
3630
5529
2461
1339
6633
6943
7649
3596
3418
8103
2549
7334
完全
1847
5169
極度
5632
2099
8195
4305
8814
5290
5847
5691
3390
2665
5924
5544
8836
2830
9571
敢情
4454
7068
5670
3063
攔腰
9093
8635
7123
1619
8018
9677
轉變
4131
4702
9866
8082
大大
比照
9990
7337
洗版
2837
7112
4280
9961
3271
3486
5971
5941
1711
2840
不然
吧噠
6185
6516
2325
7401
9977
8795
4703
不久
7531
1920
6265
5557
2994
8550
5207
2954
4033
8347
2288
7974
693
3886
4856
如若
3947
9746
5167
9132
9481
6642
2908
9012
4227
6160
9616
還有
否則
3506
8497
4285
709
這些
4369
9149
9124
5817
3122
1255
696
6041
2206
8852
516
直到
7406
4234
6060
9328
6169
她是
5994
2055
一直
9199
5730
6552
8848
9761
2626
1999
927
購入
1770
144
331
6704
603
3443
8072
怎麼
8656
931
不同
362
3588
2764
957
近年來
9025
4082
7816
1746
比如說
1616
3935
300
778
自打
非徒
6634
2905
2333
5199
7229
3150
2107
8798
3308
7184
6739
2197
7178
6573
7878
4048
981
皆可
2573
3560
6264
6150
5465
7767
3997
8076
6328
2824
9378
4971
1546
8582
-
136
237
920
4400
399
6905
544
4615
哪年
5757
4424
4786
5993
3384
人們
4358
1157
9892
7493
6397
6211
不一
9514
408
113
6409
1483
4903
純粹
6261
來得及
6057
8983
3736
5245
3574
5913
5914
5783
1449
4432
5750
7560
4218
3206
7133
8492
3756
2246
98
2625
7850
3216
7305
7716
7228
9850
1316
6416
9985
1318
4795
4182
2386
1870
993
2303
8478
其中
與否
5472
9931
2881
1460
5967
336
1072
3812
4553
1484
6180
9566
7329
8855
7886
8773
9476
6894
5698
901
6765
5639
2754
7979
158
7606
2382
807
1838
12
4393
7383
6710
3615
5243
全年
一何
8408
8054
956
9778
7985
6988
231
9126
7467
2081
3191
1134
6001
8790
4529
7730
1824
6731
1898
4925
3930
978
8180
3021
5954
1755
5653
5675
先後
6768
9949
8397
9851
5032
4984
5332
2119
......
7301
處在
4147
接著
1180
9964
7585
但是
6030
6756
此中
5743
1141
1254
7321
3239
9474
645
7373
啊啊啊啊啊啊
4142
挨次
8717
6389
7186
9279
9823
3343
2826
大事
奮勇
5733
--
2365
6363
3112
3237
1466
8290
切切
6684
4797
5831
2354
5899
5072
6911
3675
5985
8509
2704
3100
1412
1352
2841
5071
1698
全面
8941
6931
超級
9074
另悉
5349
9143
很多
4557
建議
3121
8102
9966
1169
6686
8819
4368
3114
2057
6408
7512
6175
大家
3049
5127
5042
4225
方便
6256
6907
7806
5238
隨著
3567
1370
1182
6421
8099
8205
3319
467
後面
7608
5577
2009
1190
還要
7960
5549
9781
9923
雖則
311
124
2527
9419
2696
6967
8067
1259
4625
4172
5874
4012
6031
8884
6372
7222
7302
5694
6656
186
687
8070
4829
4602
7666
5450
3697
302
3941
4723
4902
3194
有的
5659
8857
5679
本身
3172
2669
5185
2639
4489
8651
這支
5470
即便
1140
4222
402
1154
8834
5147
8413
6535
269
4445
2036
哪怕
當即
9971
4338
3887
5324
13
3717
2201
423
2771
1263
711
8436
6841
9242
7561
4311
只要
8350
9054
8264
8321
6928
6111
3495
2536
這次
1257
9520
6776
平素
4129
8826
8750
8846
3509
5511
876
3127
8532
3542
9235
2694
1145
4535
2402
7042
7440
3606
3734
反之
老是
7231
8110
要么
131
1967
4691
7595
5101
9804
0
1249
5473
9490
3514
2880
5767
8653
9644
9598
反應
7226
2392
4
5123
而是
2876
6320
3931
6482
6266
7408
4188
8382
4946
8405
8850
8649
8238
4920
除非
7624
7218
1644
1174
4731
5137
5568
從未
豐富
1020
4101
1245
最大
1104
9756
6017
4694
十分
除了
從小
第二
5851
5719
這會兒
1946
3638
9162
202
859
5933
1703
9141
日益
8453
8721
1548
3107
7418
8335
2942
4890
將要
387
9649
1431
9110
不再
1295
2555
4622
9139
9470
351
8341
9272
9218
2966
例如
6627
4047
2400
9280
1684
呼啦
1733
3435
263
811
8515
832
2433
6083
6390
恰似
當地
7651
4904
9076
3863
6109
下面
810
1422
2791
7205
6235
6828
4444
9409
2175
90
5761
6278
2488
她們
4179
478
6613
8645
6685
8655
4789
他是
9032
5425
9285
4945
6208
4072
6677
3663
7349
189
1841
3894
5612
9335
5070
1147
2210
771
5978
428
6251
5551
9758
8451
6192
除外
9799
1354
8345
4120
那種
5177
8603
4328
6501
5411
由是
從新
極大
1
6063
326
6267
6015
123
814
1052
1834
9475
3595
7897
1486
3050
9889
3625
631
4324
1700
5540
7436
1392
4661
9518
3480
5111
3679
5930
472
1226
6466
2783
6741
繼後
6564
1508
7203
8619
1035
3328
以下
2699
7842
7789
不成
3782
4381
7377
8418
4524
1705
4881
3866
7442
97
4323
5443
2255
2189
選手
這款
9876
7299
9853
關於
8359
6795
8274
8424
5156
4145
8780
6012
6615
以上
4189
9028
若果
容易
7265
6581
4677
5563
579
及其
952
獲得
2766
1609
9364
3633
9909
8129
317
3585
1497
250
698
5146
7306
幫助
不光
6488
7879
1350
5840
8654
7070
5212
召開
994
3784
9741
偶爾
6184
1273
8789
2672
9568
親身
6454
直接
5709
依據
849
9257
663
2746
哪些
1358
9353
4478
或是
1888
反之則
4477
2574
6942
9873
8737
1491
9177
9209
8020
7860
1702
儘管
570
9136
2655
5715
623
3881
1657
3999
各自
3450
396
1197
不經意
2590
293
4869
不盡然
8331
6226
7411
5005
6331
7238
4399
8844
2848
來看
1366
1451
2077
4791
考慮
3848
2068
409
8081
6959
6810
7919
2859
6695
可見
2008
3838
968
是的
8861
1893
8447
703
5518
7137
2825
3541
4411
6814
因此
8856
8230
4300
有用
9258
大致
不要
7894
3808
2866
8019
9651
3311
1120
7154
5984
2608
188
3175
2321
6411
更為
1242
4359
正值
5945
7521
2172
7862
5001
8071
1223
4073
4996
5054
1576
4023
1177
3268
9491
1933
2207
9343
7534
6279
9044
4071
3720
3407
並非
5748
2069
9175
2763
4303
6660
1195
783
7407
5992
7062
從不
8640
本著
9819
2599
3753
怎麼樣
8034
剛巧
不斷
7664
6751
3713
除卻
595
7603
2039
大約
7061
9976
7427
4181
2566
它們
3403
7188
7744
74
2023
2607
4816
8391
9855
9752
2496
7183
3313
1636
8035
7470
7892
8303
3174
7549
526
3208
9103
2559
4639
7276
頃刻
1405
5087
8548
3718
1082
6347
4265
5381
7747
8406
5271
相等
7131
728
2235
1463
2022
8692
7964
據悉
8713
4811
9646
4056
7659
5939
1235
4481
3923
1371
7160
6793
9098
3341
8757
轉動
6153
9441
9206
1858
當著
2443
8705
7
7517
5925
7528
1502
6877
5622
6306
8743
539
984
3594
反映
3330
7642
512
2449
6082
403
9615
1647
587
2757
8512
不常
3743
1661
9261
8832
7573
7710
3510
5713
7749
256
4313
6599
8425
2981
分享
好的
4864
9510
2917
4906
縷縷
4118
7020
6176
3708
4293
8271
7340
看到
2285
7122
9439
2975
7027
1667
8880
8225
7529
堅決
4049
5666
8153
720
6404
798
1459
及至
6360
6181
7375
240
1475
1343
5885
5408
7414
8851
4349
8000
2537
2198
5348
8435
5059
5929
816
7506
843
8052
4289
8793
2602
6991
6113
6767
3245
7996
5189
712
914
9083
17
1207
9734
9255
3022
這是
316
4531
2855
3984
9011
3967
6370
7000
2517
510
4664
1306
6929
4859
1004
4846
2029
4195
5934
3513
3058
5105
3300
5917
5116
9421
655
7735
1372
9159
3492
21
1094
4742
7809
2480
5819
3892
6349
9325
6248
5223
735
8325
1095
1970
878
2133
那個
7916
8060
8663
323
4173
5309
5676
2953
為什?
1074
705
1374
9236
6255
2600
1203
又名
7398
4126
」
如下
1633
聯袂
1230
5745
1252
726
5832
6119
6364
7387
怎?
9788
6832
防止
故此
6087
3616
9881
5273
3333
4689
8144
475
7328
4163
8473
6269
2471
我們
8739
1022
猶自
7026
7013
9060
4232
2293
1648
精光
1089
6788
幾度
6494
6629
4915
4402
8661
444
9064
1425
5664
9240
5048
5931
6521
6027
5326
6804
適用
所以
1373
1719
1701
5674
偉大
5244
7650
7441
7574
3258
6236
7823
2296
3552
1821
8140
最近
3878
5739
8426
6318
6078
5861
7847
7064
8995
4098
3501
乃至
8977
4302
2250
3544
2542
238
7854
6147
1923
6582
382
5995
2805
4909
4192
5909
3660
6085
大多
3177
4716
4412
3067
罷了
1688
8965
7837
5284
9874
7350
公然
7814
7451
4937
以免
1596
837
1153
6721
4966
1363
5794
3714
1699
8937
3977
7770
8562
4720
863
5379
1957
1759
何苦
大概
9152
倍加
5795
8479
3763
917
7983
4648
9988
9916
尤其
4203
6716
8283
9707
；
表明
7015
1599
8514
1391
3781
4166
6748
據此
5595
8201
7304
4271
829
5274
995
1844
8036
8187
8646
5069
6075
5588
8437
468
1580
5075
1981
209
9122
7597
8457
6822
日臻
1069
2580
9704
9391
3282
5554
2414
2231
5532
8823
869
3325
1248
6289
4198
2618
6028
8294
8700
6094
9816
8637
5959
7362
550
3212
5251
5475
作為
1409
2294
285
9563
2138
5892
9871
9
8785
一般
9211
4978
7002
1984
2786
2891
803
4078
8495
8404
9319
6558
284
251
方才
6361
3583
9005
867
5393
7692
3468
398
9155
3712
7063
552
.....
2760
4505
3026
7199
2738
6405
1556
2498
9623
6950
6652
9434
6190
7981
8543
983
權時
3858
7682
9901
2714
8893
8758
5126
嘩啦
3494
3669
8258
9458
充其量
3914
1421
7130
2983
9766
1413
8788
2421
7906
1427
401
5282
7424
8043
2089
2396
543
7871
起頭
8337
必須
793
262
2673
9894
積極
2836
471
9555
6002
2280
具體
6643
4954
8729
9290
1978
8108
4976
3943
6838
2893
2990
1965
9606
1368
3954
474
6725
2409
2124
6772
7785
7235
7315
514
不得
傳聞
1558
孰料
於是
2845
自家
任何
一些
8740
3725
9745
3254
9344
3620
2168
5112
5046
32
6103
3065
8011
7891
來著
9033
8680
6899
1181
4015
非特
1926
976
3028
決非
8769
5200
8017
5756
1910
略微
3134
6460
8682
2352
199
5400
並排
1769
9607
8476
2828
6753
6307
8613
866
6132
885
748
6091
9845
1654
483
9879
6149
8583
恍然
7210
4936
6065
9376
1300
5852
461
7458
9450
4255
88
8441
9056
2583
9403
5523
670
之前
2481
5176
2329
7374
2143
2647
照著
8143
2631
7995
8298
1814
2341
6515
2074
3048
7644
2810
9635
5120
7866
9825
9493
1830
2563
7961
5822
5663
只有
9701
4215
6603
5474
3829
170
2971
2995
8745
8095
8288
6505
7813
切不可
4967
5940
5786
全都
不料
7347
111
8057
7267
3642
3975
7351
939
3643
3803
724
不日
5076
3365
另行
5253
應當
1066
8842
1819
1501
一邊
3690
3792
行為
9337
4884
4286
178
偏偏
1218
4812
7478
926
5530
7877
4843
4267
4108
1387
並且
爾爾
6935
8604
5154
4250
動輒
8240
9957
5758
1854
5029
9521
7422
3742
5797
並無
5317
1093
5814
8068
2888
6939
7635
6970
9703
9440
216
3076
7948
8170
5350
1106
說來
逐步
5961
2094
1332
2710
得出
以故
1652
9286
8956
3641
6073
3982
2468
5325
4528
9317
1018
5516
7239
可好
2794
就是了
5880
9313
8684
1286
4845
7523
7714
7494
165
9382
9723
7083
4223
5662
6487
9687
4068
5316
7690
642
9034
3724
3672
1000
3139
3397
8903
6141
1084
2664
2315
6824
6897
8907
重大
4284
9184
7524
4710
8685
3248
2622
7021
3386
282
6847
9309
兼之
各式
9580
2047
4058
5701
突然
4968
1079
4076
3906
5952
2816
7052
1241
4512
6035
4892
9320
950
7736
真正
4753
2793
1540
4264
隔夜
1329
6239
694
200
3165
3059
8210
5905
有及
4377
9511
移動
2657
5193
8726
2253
411
7678
692
4378
3512
7746
出於
8849
遲早
7310
6522
4354
4465
6700
6872
8982
5535
3429
3399
9699
極力
:
56
4831
1551
9471
比較
9051
1464
1516
3015
166
5386
3200
307
成為
啊哈
8695
2705
5496
6666
1822
1469
3416
896
沿著
4960
5695
9716
4437
9417
7099
339
9289
8913
7177
7151
4657
5138
4440
8906
538
3265
249
甚且
6170
1378
8871
191
9526
1070
怎么
1936
1685
6281
6837
2251
3797
6210
6789
9785
319
5972
即若
9330
5779
3327
8496
2525
9591
122
1676
405
5775
9178
2061
5996
7887
1188
9676
6722
5890
5437
879
7992
2243
3581
1401
3069
9340
562
5689
2577
有人
4260
8465
8098
3971
3309
8079
1680
7156
一轉眼
5533
5585
9394
8004
3221
4788
4069
5097
6646
4319
4842
7841
3340
8022
應該
2700
466
380
6467
6059
4040
7142
已矣
354
6831
790
7357
9294
以致
故而
1617
1243
8918
3352
2856
哪兒
7811
4191
4979
6148
3568
383
8480
7905
8714
2454
2797
有時
3678
趁機
9750
不得已
2960
3027
8377
7159
488
6084
5881
5477
6730
3755
4128
3819
8115
8374
9755
782
4934
2110
6664
3120
8041
4704
1757
4294
7245
2098
2987
6313
2111
6566
4855
3484
318
7075
其它
2907
9062
3959
315
8130
225
5074
7450
9298
2632
6896
7201
9035
3786
4257
轟然
8938
4873
3377
2887
4135
5965
5256
2050
8754
8808
3687
4077
844
1155
3823
7081
5576
2327
227
2776
4580
7258
1639
897
236
某某
5804
9917
6367
1582
6237
5835
9368
8539
141
3647
9412
6021
7420
9109
2391
4931
9237
2040
2925
2487
9669
大舉
858
1799
7966
294
4924
69
6990
7206
281
3364
62
6690
4404
5268
79
3083
9220
2465
2798
起初
1932
5886
749
〔
7937
6204
9160
5383
5843
55
6801
8421
1063
2148
1896
2436
4018
5495
6978
4034
6760
9252
1083
7846
3448
9013
1542
2778
4738
6104
6724
8363
4247
6659
7653
7043
4759
4210
7518
5785
6470
6434
9048
796
7733
6368
8193
4462
515
8972
按說
91
2733
5678
8136
9445
4584
8719
6177
1119
668
8189
8510
3516
6645
既然
6669
3167
1268
9898
5712
7011
9196
4376
4838
6796
1274
2499
1629
3307
5357
啷噹
3789
8807
6762
4944
7101
2570
4637
5449
5344
9709
8373
447
9023
8456
788
5623
2486
3498
289
8109
507
無法
3776
4744
6610
3099
5248
8272
8526
704
9472
1763
2605
7065
它的
151
因了
8361
6195
8146
4157
1064
1086
8030
4428
2170
要不然
1509
3088
1029
5784
8704
2843
1172
9700
9797
8997
1991
6663
7243
1046
5307
5863
7216
7602
7601
9250
9763
8275
6209
4403
71
6420
5562
4175
4803
3664
5114
372
2885
2071
即刻
6096
9144
8293
4863
8634
4587
8384
7491
挨個
8484
3189
3233
4804
6734
5416
1907
許多
瑟瑟
8641
難道說
6665
4269
1261
4922
3136
1649
1594
2901
9292
143
6163
5036
6407
2645
3214
4014
1439
2895
2747
6049
7369
2732
7389
起先
6657
11
3142
8738
6786
4205
1111
8960
5638
6076
9601
9316
5699
3610
2245
8244
2736
良好
比起
3522
689
5456
6553
7307
9663
6574
6253
2066
8955
3420
9587
6309
9117
3587
1304
9217
3981
446
450
5539
2339
4952
9386
2728
8466
幾經
嗡嗡
8934
3932
8412
5079
1399
6918
啊啊啊啊
1539
1925
】
5341
3153
4618
3295
實際
159
7605
2105
6577
4876
4519
2195
8026
7804
7045
4003
2422
4124
2025
6227
8976
9814
5041
7734
7607
8220
2032
1533
3882
只當
9245
4367
譬喻
5806
上面
6859
560
9210
7581
4665
5631
972
7438
2556
倒不如
1021
要不是
其實
809
567
5619
6989
4706
4103
8167
7908
1313
6343
5708
8286
倍感
好不好
2204
8869
6890
5968
3388
8105
9197
226
1161
5855
4471
7219
一次
2869
9702
9429
5144
2952
8875
67
9503
即將
5646
1627
7569
5302
2551
6448
9962
9251
5998
3961
7559
4541
4508
4054
2109
5726
7117
據說
4995
若是
不限
6126
9058
何止
7647
3253
172
在於
8879
6661
537
6764
4121
1760
7843
8679
1320
6319
8622
6151
6406
云爾
7482
這麼些
4398
53
9773
904
3655
2223
要是
難怪
1574
受到
8920
1816
對於
1205
必定
7589
2875
605
7024
9608
2956
6489
6040
6509
424
6146
3111
5504
9263
2658
八成
4666
2789
5399
1597
7108
815
9997
4993
1116
1060
存在
來自
1776
7870
7648
7456
2909
9278
2564
641
6541
9557
569
3869
2685
109
1376
161
2745
6569
3444
5052
1498
4327
9731
3338
2492
1101
4492
6529
8587
1256
3188
6799
1194
1512
同樣
2438
8521
使用
4616
58
6527
4130
2900
9268
4434
9946
8688
，
7490
7047
9693
2926
6908
6187
3942
5680
4883
1789
7179
4488
6757
9529
2718
7704
6441
2413
6571
4667
4928
1489
1745
那時
3160
7721
2218
2586
5732
2719
15
2230
別管
7461
3477
9627
9880
2868
8800
7855
3332
7927
7776
正巧
2541
2734
6976
1781
7688
大抵
8475
2490
7232
8665
6357
9774
7005
6339
6960
5275
3530
7300
5956
3706
5035
2337
36
2872
9369
若夫
1462
4707
7376
9565
607
6698
4042
4074
9540
5856
3205
2721
1962
5165
8860
1385
228
7530
4775
8783
9803
4417
4815
7997
145
532
8344
114
3453
4279
9907
1456
5541
8366
1310
達旦
3994
3260
2121
不勝
3293
3877
屢屢
7781
6927
4340
1618
8727
3735
5828
7683
8980
6288
9041
9036
9377
4008
366
485
6034
6058
6287
3273
惟其
9214
2233
4143
2871
2581
874
9890
6952
9393
2991
6874
9411
192
8245
5028
2832
5363
1852
5227
3810
7614
8592
4067
5220
允許
691
7402
9973
4141
1712
誰知
5820
8898
6130
9624
一定
520
7323
7904
3161
什么
1328
3759
3760
5197
5391
8092
這般
8145
左右
2755
1924
169
1964
2412
8409
9621
6996
9668
6616
827
宣布
4474
3559
9570
495
6605
6272
9983
2812
1626
8177
5771
寧肯
7242
5109
3110
2188
時候
1206
3569
2770
1872
2874
549
802
3116
9002
2415
9053
9515
6518
960
1982
2014
2340
9854
7322
592
245
5509
4608
4132
5561
9678
6956
2698
1051
4899
4536
4314
5604
2624
8008
明確
998
1579
3966
9589
6519
2811
4672
94
4578
2118
241
8202
4715
4807
9225
3430
3008
6323
100
2809
8324
4770
3185
1428
9480
785
2957
905
5759
5912
2
1953
2553
9212
7058
3777
8701
3879
親眼
546
2033
9267
779
等到
652
6108
3346
540
8870
眨眼
8287
8841
7135
3951
3989
9366
7752
8403
4080
3673
採取
3662
？
525
以期
8558
4000
..
6355
110
2604
3761
6203
4956
7875
3860
2912
不僅
2833
8824
8601
~	
相當
572
5371
5312
5081
3986
716
7926
2406
2291
順著
3992
3758
271
8731
695
7946
5684
8023
1050
5792
1853
7511
2792
2961
4749
7371
3041
5373
一點點
8561
5427
3721
8825
498
7575
7693
倘若
4600
6882
9339
也是
9798
3521
850
99
116
1388
缺點
3091
9114
6701
4290
6507
9813
7488
8432
7621
1384
6055
9269
2160
6337
9794
大不了
7326
強調
2663
7697
182
7046
2815
1571
3173
9414
4991
2986
9228
5362
103
7539
8159
654
4332
3215
3227
5469
8896
3802
1780
清楚
1572
7094
8762
不大
7190
屆時
部分
從來
8182
9640
3843
662
進而
1605
趁熱
6715
2803
本來
2834
290
6161
9690
6985
5842
3507
7146
2079
3670
8888
請勿
6543
1185
1098
1424
6004
951
1779
1253
759
8818
6687
7786
她的
1102
3479
1788
9828
7748
1353
3499
7558
這一來
7298
不對
769
2543
613
8686
2430
8142
待到
5224
5869
5951
3285
當中
2667
6869
前進
7384
5166
7080
5645
7426
9306
8131
1531
1056
常言道
887
4525
9863
5630
4692
5628
1410
6400
99992108
861
2634
2529
4446
連日
2739
1171
376
941
1871
4809
5572
6556
6875
473
501
5062
9215
1229
3856
8971
5094
4019
1417
3229
3291
4353
7820
須知
5982
4990
3540
1829
9989
當前
3980
7333
8320
575
459
8987
3108
9254
541
3737
2184
2309
6194
5813
3614
9945
8708
9952
755
3004
9838
2702
甚而
764
340
3086
5213
690
1288
1198
1285
2305
3800
2491
7316
8933
2675
後來
4468
8005
553
9765
充其極
6707
!
2548
9416
9372
233
6745
5765
7774
9789
1476
490
6586
9024
5419
7580
白白
574
7034
4355
2544
8889
4460
1447
295
2096
?什么
7994
8816
8828
6681
4066
1265
8340
7489
2902
2212
8455
9016
4898
8454
5809
2934
5117
9402
不知道
2898
1468
9302
雖說
986
1986
1278
3573
5006
且不說
2707
1908
7755
3533
3691
503
220
3729
5083
8520
晚安安
8486
繼而
1216
6213
2930
7677
6614
8551
511
8059
1768
1186
8166
1966
2509
77
1043
9697
3798
3726
9941
4819
2807
8169
7689
3401
1601
7702
8107
7612
4513
9193
5724
接下來
1442
3590
5211
6562
773
以至於
6576
7627
1031
不只
2112
2211
7223
6671
1271
7144
8353
943
364
1944
4342
幾乎
6428
7792
2946
再次
1943
8265
774
「
3739
8270
9844
4322
9087
3965
4051
9468
8121
〕
大凡
1331
948
7110
6493
1380
1311
7633
9717
4435
361
2965
761
5315
6578
8504
5983
26
50
2850
1987
5096
45
2320
1016
5513
4009
4336
2269
381
8302
8964
4162
9291
5045
9078
1324
1477
這盤
7527
8615
5508
2405
831
9978
4700
7025
1833
7236
6053
673
6295
3899
6222
9095
認為
1224
9389
回購
1800
8763
遇到
6900
8796
7097
1851
9111
7999
565
毋寧
7839
此後
4598
4595
8477
195
2507
2225
3436
8069
6843
5990
憑藉
7951
464
6224
6598
6270
4635
4044
率爾
6231
1236
1956
8733
3746
470
3141
5007
9605
6353
5570
6747
9638
5406
5492
213
3040
6805
1805
8135
每年
1864
4037
1397
177
固然
7273
2674
9986
3936
5569
話說
3682
1721
6023
以外
1297
4501
3162
5368
5254
7452
9681
4061
2962
4982
6277
4724
5527
更加
4545
4972
6974
6123
4590
7593
4374
6459
1403
1886
1282
4410
6456
另方面
8948
對應
2504
5790
3415
2359
4833
611
2578
5975
9233
7150
5505
9496
8979
儘早
8199
5447
730
8232
5776
9323
7040
190
2258
3419
1985
看看
各地
4274
趁勢
2642
4572
4168
6913
下來
2949
2142
6039
5086
2598
7687
554
991
8468
←
1791
7553
2592
7198
480
下去
9686
6412
890
1758
6560
3158
1438
7035
5432
5478
6714
5305
從寬
5717
5826
就要
7072
咋樣
5503
1990
8606
4760
6854
9266
2591
8172
5401
4419
8348
8037
8438
3793
93
5257
3283
一則
5398
944
7343
9796
7477
4604
9636
2533
1890
835
多虧
6773
819
5356
4464
4373
3916
6766
9777
3427
5774
3526
9911
4296
1266
3138
8698
8925
1827
5175
3053
6317
1036
573
1849
啊啊啊啊啊
應用
9262
6881
6369
6348
4687
4894
921
9169
6740
7579
9127
3094
立馬
2263
2801
反手
6054
7293
啊呀
4281
已經
近來
4423
701
5696
3119
7363
1238
7861
1294
7400
5173
9770
441
1678
7499
可以
7282
3505
187
8246
7831
6648
7483
3804
6889
8631
嘎嘎
9311
3199
8239
然後
3353
9297
4736
皮膚
7468
誠如
1593
那會兒
掌握
2595
4871
4897
460
4850
7353
?
9296
833
5216
6594
5134
4793
2166
3650
8895
以為
8096
著呢
8365
9736
3043
8064
4509
3502
7041
7289
3169
4245
7945
9833
9829
8354
6759
7359
4589
7515
5493
5277
7658
根本
7127
怪不得
4266
8643
2501
2304
4730
2375
4334
5918
4494
4152
8372
454
5025
8038
早就
8165
1113
8681
393
2677
3563
8720
332
8513
7938
4544
4043
1336
2441
9869
2649
4961
3294
4185
7628
3970
6600
6699
1386
5836
6037
4610
2171
3123
9653
889
陡然
5009
3864
意義
3302
7728
3159
9775
3381
2259
忽然
1152
9951
4357
6717
8648
7851
8357
5494
287
7685
9955
531
7496
結果
3716
多年來
所謂
1337
7031
4593
1730
4882
烏乎
1470
4670
2097
5658
5960
8218
2200
2920
684
1163
337
1432
9459
1284
582
3033
8266
當庭
8315
8028
6156
6545
9341
6916
134
....
5110
6257
3645
4479
7271
9698
9924
1959
4565
3940
2257
將近
一個
313
5366
2046
而且
故意
並肩
2500
8741
7900
3591
1162
4645
當時
5692
7342
7546
3469
2643
346
3925
6444
3976
870
1643
大都
9595
6550
6644
構成
2373
2192
7044
9940
9452
6383
7429
6300
8334
903
1895
9546
9633
6174
9567
6159
7884
於是乎
3393
5587
5292
5204
7858
2065
9993
853
一句
8625
5318
9942
8126
其後
505
7898
8838
971
7599
491
3082
5935
7505
1239
4138
5981
8744
9137
2998
2307
7516
9020
2638
350
139
繼之
4623
3055
8810
其二
1143
8234
152
使得
9996
5098
數/
7903
22
2311
1096
4362
4860
各個
9904
8388
此時
8702
只消
7933
3554
5258
9130
1260
促進
1976
5106
上升
536
2059
1586
848
9322
7437
動不動
6674
換言之
2328
7213
認識
極為
1589
老大
5090
5310
9982
2899
5252
4360
4636
7882
9590
保持
2606
1861
6321
7209
7924
9018
7646
9222
每當
2186
3893
6973
9542
4416
5283
6640
2199
造成
138
1716
5499
2120
8440
表示
6885
4045
7048
3958
8966
9535
慣常
8241
3527
3411
9887
18
3143
你是
4433
873
211
4364
4092
5897
8490
9689
1009
4959
人家
561
7428
1375
7297
8118
7338
1866
1773
3845
廣大
6378
6865
5564
4140
3373
535
5128
4726
4911
8383
爬文
3181
據實
9390
5208
3723
8149
8945
6851
趁便
3835
自己
2472
493
8133
孰知
2460
1687
8958
7469
3888
3426
9086
5056
8485
8489
8706
9326
1513
3875
9384
1400
8253
5507
5566
9574
205
3774
9174
7909
830
試用
5833
3446
挨著
7545
4413
65
8922
1202
之後
從事
3269
2774
2967
4921
6692
2001
9071
7255
7609
6503
9500
6557
4727
3011
8761
6736
9795
7319
2136
4339
5485
各級
5957
3534
4352
6110
1584
6866
3953
9360
3035
9711
\
6807
9157
8862
8117
周圍
1309
8571
5977
是否
9355
4630
5414
6280
對待
4810
斷然
7395
9622
3794
1527
“
740
207
6547
6679
5219
8317
9900
3632
進來
我覺
7679
再者
方面
7330
9937
3511
1210
72
8689
519
3553
6047
3859
3911
1482
6697
6449
2988
8658
2169
3765
8236
控制
從優
9954
極端
6658
較之
4719
6726
2063
以便
7509
這樣
1349
482
發現
9351
179
3232
969
5050
6311
1478
1880
縱使
切勿
大批
個人
4717
2693
8211
1581
7944
1200
9790
1646
而況
6341
7949
1383
6548
7100
420
8944
需要
4277
6649
2060
專門
7172
9460
5829
3849
356
4256
436
6742
8687
1969
4238
6352
4867
8176
4527
爾後
8666
3395
7953
588
7055
7260
248
5681
2796
7453
7032
2137
9632
2332
8544
4461
9019
5150
2078
4030
8470
763
7555
6168
1196
3809
8014
8735
7149
3896
3653
962
4180
9743
355
趕快
9888
5643
6121
9072
1641
居然
6387
1592
6524
3988
3277
3238
4827
9980
2703
4612
9398
6358
5517
1479
3733
3404
3342
2241
1578
只是
5426
4122
1012
254
1434
4100
8694
8215
3676
5582
4668
173
6680
8148
敢於
8975
1515
4089
迫於
這邊
有所
7155
8006
在下
5636
2271
6022
3470
7085
2228
除開
3156
1919
了
6008
2758
4160
2020
9582
來說
7940
4476
7591
7028
4385
6502
8678
9173
2439
4757
5778
6158
3350
9230
3837
1201
14
8125
1921
8749
4955
7277
9489
