9903
7194
9226
7563
2438
1871
6628
9471
1130
4524
6276
6622
2991
6754
8795
5706
2171
551
4163
4253
5290
3702
6049
獨自
5881
5935
9728
8656
3477
1082
3813
6132
看樣子
6467
6913
3822
2533
而已
8016
3934
7017
5239
7435
6643
4809
6662
4129
5564
7963
7888
7123
9739
7898
8444
2178
3176
平素
9035
9680
1913
然而
1142
9857
第二
一點點
5665
9340
你們
上升
148
(
591
7013
4161
2680
3555
665
7826
背靠背
784
3145
反過來
6766
2977
1209
徹底
2061
牢牢
5497
1255
9591
5034
8692
1309
3160
7293
變成
9114
9130
4741
9118
7417
7533
2301
7381
8664
578
=
6304
7234
3442
2145
3
4918
1847
8499
9740
3909
2873
2753
3422
5399
2332
9764
小時
5447
732
4953
4792
2286
2811
9480
5036
2548
3213
3498
挨次
661
5451
4181
3339
6287
884
2552
248
為什?
4901
3824
不拘
6534
連聲
1550
4863
8544
4441
3494
4434
3316
8342
9735
1233
9692
7201
7735
8348
9958
9160
8937
6852
9356
5549
1704
2440
3113
4593
5319
690
2462
8655
6794
8980
5
時候
9599
7091
2760
2830
5760
5876
6576
3621
2672
2545
915
5007
694
5649
1265
6045
8531
3514
4820
是以
3830
有效
8361
7036
6153
2813
9924
1843
2981
7783
4311
5923
5362
9975
2032
誰人
7993
7146
7813
588
2117
派克
7180
2937
2443
7872
809
344
8903
並沒有
7418
譬喻
2428
14
5819
1402
8077
2803
4022
9593
1546
5017
935
6902
6551
9580
1280
7261
4230
5610
2526
5440
7796
6133
4865
1755
5862
2889
8459
8922
7018
2624
2123
1837
2237
絕對
9609
6197
1950
匆匆
7694
2574
3910
甚至於
：
5083
2035
1307
3603
上來
4516
當地
3968
進步
8711
9151
7450
4897
1561
中間
7531
俺們
6186
7675
161
6412
4491
1324
1666
到底
開外
1688
5466
6012
促進
2890
1143
4797
272
5088
4145
《
2604
3945
7122
5837
9377
1454
1357
6831
6836
9333
5697
9345
1637
7028
2808
4931
3644
先生
正如
3927
以至於
5453
6092
略微
聯袂
349
185
5968
7999
1308
6094
902
5640
5021
484
5221
3607
967
2690
而又
2128
9447
7181
4786
235
8243
8568
6468
4345
3535
...
3181
7515
1472
660
9216
9370
2100
5954
9357
5093
6908
既往
那邊
9748
2815
9170
9395
2896
3429
9461
2601
1413
7021
這個
威達爾
33
不外乎
切莫
它是
4235
3089
7544
8688
3612
791
3803
豈非
要么
7343
4169
5576
9901
1655
4262
6820
3372
8311
1848
從未
4917
9090
1239
之前
9541
5627
8828
5930
2394
3119
9960
2842
4386
6079
7988
2038
而且
9882
6617
3033
3275
4312
7456
1876
2820
8067
不同
7823
2651
北館
5580
2891
高興
可好
698
3879
174
9575
自各兒
只是
4209
9050
9734
3078
3272
2804
8352
然則
720
2911
7541
7794
9374
7099
9499
4431
2622
6783
1065
4620
8845
974
1865
7600
1099
634
1566
那兒
1458
3524
8554
5366
6772
5945
7107
5471
1827
多虧
7482
1250
2605
大大
8197
7538
2322
1620
4644
8566
7184
556
390
9666
9251
3846
9016
3221
6453
8257
2663
6802
655
4698
2682
3444
8973
6523
2160
較比
4475
8770
9051
8636
8333
2242
2349
4746
7578
1716
9224
1841
95
8563
504
7905
7011
8690
5829
7336
不止
8633
3696
9618
490
429
6961
2691
1136
5011
6112
以致
1700
2973
2400
2766
1429
8456
1249
4096
4270
6238
617
6705
24
7383
8418
7527
4511
7611
614
2909
9585
888
851
3344
7764
8578
2415
8065
11
1810
597
6891
得起
6026
5150
4306
〔
4505
4974
6547
鄙人
7014
7280
放量
6300
621
8784
3095
3633
8455
5621
3946
8445
9018
3152
3998
4072
8252
1736
5292
9063
3931
5808
8608
6451
2971
所在
1164
9119
2562
3277
8420
打從
1745
6430
7360
3410
6121
3207
1289
4703
1856
7580
6072
3584
7720
8853
4310
啊啊
4625
1974
3903
9756
7842
8991
8964
6334
5201
3913
3186
8261
1378
55
8487
7412
3247
8404
2859
5441
8434
5715
3648
3615
7924
853
8650
8162
9116
4530
6042
8701
2569
4238
6868
1425
屆時
7424
人民
4388
遲早
9009
2179
3161
1693
7260
373
8508
5854
9053
9896
2451
對比
3367
繼之
6450
6445
3141
某某
8750
1750
9291
6759
9026
8270
》
8501
2234
4736
8862
5115
5600
3212
6060
6687
770
9488
6362
2245
5850
6429
4859
於是
9678
話說
7665
不下
3795
4184
1572
316
7562
2501
133
8675
1616
7741
2359
幫助
來講
陡然
3989
7790
524
5304
4075
4328
7646
2943
介於
6187
1962
2791
2318
允許
8542
8181
不單
3783
5245
7766
似乎
瑟瑟
3254
4338
6910
9261
924
2258
2844
2598
9820
4571
8801
6246
一姐
8901
進去
雖則
9721
645
674
2700
互相
9601
4174
7648
575
7382
分享
5772
4947
6649
8818
5084
8874
724
7495
7112
9342
『
2925
540
不會
7063
6405
2031
7061
3079
3872
5501
9208
相似
前進
989
1634
4762
5136
一面
7102
7407
8017
極大
4497
1578
81
6725
5192
7833
2248
2155
如上
6351
400
4038
1786
聯繫
4734
4765
1398
5748
7246
1811
其他
3267
8306
傳聞
6670
9491
4674
4704
5800
9467
2235
2137
9070
9091
1449
2205
8575
9128
4534
4348
多少
9902
2180
4761
5590
現在
適應
1610
同時
3569
4308
2101
6466
5293
2010
8761
5000
5491
不僅
5353
7009
3578
5170
叮噹
1692
1964
3117
1674
4326
5255
按時
6582
1316
積極
7777
朝著
畢竟
408
2702
5970
7055
4087
4032
6500
1829
1516
2152
8285
2645
不少
3295
6215
9079
6436
937
4494
4696
3885
由是
325
5181
8837
554
5885
從小
4263
4665
2151
12
9423
理當
7762
7379
7617
9770
除此
4871
1151
6701
1118
9793
自家
7386
3572
5572
3190
7136
4860
5005
9602
3087
755
9122
4443
8584
9159
6832
6037
8187
4728
1443
6052
2148
6611
2144
5075
9006
5963
2863
1563
大體
2330
5582
1605
1689
7493
4226
一個
5725
731
7170
8654
8507
4721
7454
9214
2922
1194
2898
9789
將才
8787
4775
6521
8101
767
6366
哎喲
470
4327
9140
832
7951
9379
5177
8807
6288
幾度
9940
4105
8275
恐怕
4383
6311
6975
4323
7865
6713
6958
3839
2189
7257
6093
9197
1590
究竟
4685
7048
5547
不曾
又名
親自
8847
3964
1481
8689
4272
1394
3800
3462
9104
2997
1615
6834
5915
2305
4855
就是了
9492
處理
6978
239
6837
3142
3100
568
4409
2910
6575
1687
3758
6447
6880
3149
7120
5887
8860
112
6007
6269
98
4905
4036
602
3697
7828
3531
4255
9675
6141
7677
9910
9616
1267
4193
後來
5729
5122
6128
恰似
9365
3066
2409
3604
5198
9485
3530
9967
3588
3972
8450
560
再者說
3677
7042
趁勢
2398
9431
6135
9814
9874
6634
3396
7236
5031
6671
本人
6255
7873
2436
8377
6952
4237
皆可
5303
6286
2666
7849
714
立即
5265
9948
中小
1432
8500
8213
34
叮咚
629
2309
9192
5141
本著
8999
5960
2936
9845
1918
8363
1188
4282
9980
3125
8376
46
8971
7163
6793
9811
8567
3348
6193
2510
4227
7844
2774
209
608
8824
鑑於
5803
874
3402
6240
536
8585
2565
5314
1579
595
1478
744
9884
3838
3029
5067
最大
4818
5577
不問
4683
所以
1251
4518
6550
6314
9064
2555
4059
9244
將近
3999
2962
2273
在於
1981
6677
3843
次第
6844
65
5443
9549
8535
4566
1492
4469
2407
4557
5322
2602
922
4121
2893
8467
哼唷
3821
8583
這盤
6237
6341
8529
1269
7332
7366
9003
1520
473
1334
1947
7916
5205
6339
2267
5086
9523
1738
3685
9450
7612
1411
7577
4634
257
6088
2429
5657
1967
124
5704
8383
6760
4061
3687
9544
1576
2352
9752
4355
387
717
7103
有什么
2383
4043
2039
1708
2475
5871
673
2310
2185
不怎麼
3458
6511
598
不滿
啊呀
829
4302
7719
4034
5959
1667
6953
8192
不由得
2515
一番
5059
8471
140
5445
1627
4130
決定
1866
6242
1199
試用
6350
8776
8326
6967
9840
4677
4781
7987
1770
5027
9930
1884
單單
1190
2570
3925
8364
7043
8850
8866
716
1718
3551
2313
3556
6253
3457
1677
2887
7279
4474
394
他們
3118
5472
3900
7850
2173
3643
5140
8623
商浩克
2474
7698
3745
5356
4763
796
3890
6684
7704
6728
3767
4893
8362
7363
6681
1726
1087
策略地
6312
3756
9015
8227
220
2743
4713
6581
1419
4770
56
2801
2259
9966
5506
9644
4726
4094
2272
6658
即是說
275
4968
3491
4390
4056
5583
5513
2728
豁然
535
8307
5025
6423
7012
9419
6107
7901
偉大
5008
3054
919
6623
2870
順著
9761
7227
7371
8846
9592
5928
您好
2585
3948
4285
1465
7066
868
6040
3505
925
4411
9641
7705
1749
8486
7281
9058
3178
331
631
1038
3975
8410
8883
5072
6780
3328
1344
2538
5432
雙方
4838
3774
320
4790
9065
6353
1198
8560
3874
6290
要不然
2677
9262
687
8083
2153
縷縷
5118
7856
3963
9722
5587
4881
5927
4506
9617
5602
8827
2067
3032
1740
7134
837
5688
5367
379
4873
5014
398
8235
推薦
2112
7211
6006
5301
3645
4712
1407
7233
1261
4850
2334
4937
兼之
怎奈
反手
7206
回購
7967
9183
即或
3378
1613
2603
9150
6632
9135
7919
9514
4611
9501
9416
9477
8384
4669
2203
8594
3679
102
有人
3371
5810
9493
不光
前後
616
2279
莫若
6241
4900
9835
3622
9949
6407
3837
6980
3751
較之
9168
倘使
2966
8996
1995
1654
198
8169
因了
7884
3313
一次
7534
2058
8104
945
177
3021
以上
何以
7791
3949
6806
4876
89
青春
1498
2445
2403
8722
7065
4501
2280
1931
8120
3223
1469
9989
6471
8128
4628
1225
9861
另方面
4808
6103
4166
4447
8062
6976
1925
8657
8280
5176
453
4861
2907
省得
1237
2115
869
7882
3253
8643
5741
6075
較為
8056
云云
9812
5053
6063
9723
一半
甚或
5268
這兒
332
1494
3992
1347
6087
進而
來看
5515
5328
7789
4660
7484
6433
9818
4254
6166
2509
443
8661
日益
9706
1852
2778
4284
9508
5827
4837
1264
8879
840
6371
2657
3064
5943
2650
7171
這樣
5168
5934
7846
6426
5486
8464
3395
2932
9481
6979
4305
5288
7446
4341
7244
這麼
8826
7391
2810
4688
6563
6865
3283
3610
9121
7627
5119
973
2127
6179
8504
4445
1076
1475
9027
不可
4661
8782
6800
3720
5781
8725
9231
9320
呆呆地
6593
7681
1517
3827
2913
9177
大多數
1228
2837
3249
3216
9796
79
8258
2945
439
7139
4595
138
1446
4927
8804
開始
59
6284
6295
2581
5516
6987
3650
7436
2528
1598
968
229
所謂
爭取
2888
4331
5426
8088
9366
8503
2720
8751
722
2377
4170
1165
1648
1541
什麼
3319
2764
9222
2914
7094
尚且
6855
1427
8395
2218
2976
2959
6315
4803
3388
5996
7566
382
5700
4751
67
7238
8760
7137
6874
7818
4002
5184
從重
6016
8117
5606
權時
6308
4379
6715
7247
6860
1743
6817
772
4268
1336
5892
略加
4000
9229
4403
1959
783
7264
一家
472
6354
3194
6686
2169
7155
143
8829
6257
6381
5295
8511
7218
9242
5942
3244
1148
4186
4009
7671
5185
寧願
430
3887
7861
6099
6847
9627
9373
5417
8916
一輪
7639
3284
7623
)
4005
9667
4266
2482
855
來得及
2875
2365
1891
6388
512
5096
2381
7859
1163
4800
沿著
1879
8823
8527
4168
8799
425
7135
8358
510
2571
2734
5719
8167
8122
9763
6267
得了
2119
3690
2486
9813
3481
9977
4405
1782
2857
1883
6710
3049
7215
1991
6356
9942
6771
不管
還有
甚而
4449
當庭
5196
3544
專門
932
2514
8068
7225
2953
4623
4414
2225
5387
686
9718
6418
一則
6408
1367
3994
4568
4437
7651
5178
5456
104
的確
4450
8439
8910
8888
6941
2948
6029
出現
還在
440
8698
5157
忽然
819
5051
我會
8110
5180
5407
1676
許多
4412
4514
3896
?什么
7385
4074
7904
4796
2985
就要
2376
1851
251
9631
4381
1178
5633
6425
4050
2724
8483
1159
5642
4085
3024
3364
7317
9178
1319
1372
2233
2442
6743
8525
從頭
若非
8944
8341
8970
4853
9715
5685
118
508
皮膚
9663
2567
4722
9293
8313
6083
1825
9947
2931
不迭
3426
2158
603
2636
不獨
9557
5351
6552
吧噠
2307
5496
6493
5310
7960
6821
6911
攔腰
8741
9608
3045
5659
346
5274
7586
3882
1270
7308
5098
9425
5500
以故
誠如
1854
750
681
4578
6233
4109
9823
777
875
7133
3374
9887
9075
別是
3981
:
6053
8968
7567
7516
2735
一句
664
4488
怎麼
3003
6573
4440
1764
2944
1310
26
2459
方便
5259
2264
5482
7250
6031
4793
3683
7469
1479
6787
8732
賊死
8564
5074
4556
9532
每年
4366
5508
7344
5851
8493
7588
3486
5338
7458
此間
2390
不限
任憑
3762
2092
3864
2754
6588
8430
2075
6876
8350
6483
5632
2507
468
3664
2078
2635
9117
5780
7039
2043
109
防止
9726
7394
8762
8273
1663
6181
9534
7439
5225
3264
4598
6565
4126
自打
8381
6548
5158
9205
737
6378
3325
1766
6694
7049
3614
8629
4122
8555
988
9165
7414
適當
據實
7638
1314
9643
按說
5097
2799
2239
4831
7573
5488
6325
6742
3788
522
3817
2219
起先
5250
2389
9992
5124
738
8286
2618
1203
1195
131
7618
7907
2121
471
3069
1753
3828
8460
廣大
518
儘早
685
針對
2418
9307
5718
9457
8479
5995
容易
8447
9036
4340
2489
4477
4041
2653
8713
6991
1037
適用
9147
4208
8858
2167
411
1617
9180
4358
3483
更為
1341
3193
5776
8049
2068
諸如
1292
1464
4499
1371
1238
4577
9832
2600
8436
4814
2357
7913
6485
6957
22
4360
6227
6411
8344
4887
5485
4998
1832
5379
8822
9834
4904
5137
7333
4886
9649
5260
6373
這一來
1059
9573
且說
9404
充其量
8292
2923
5278
3598
2587
3362
8216
7605
1124
4428
6413
7655
3635
5698
619
4962
9791
7659
應該
6404
3308
6082
609
827
8611
9970
2496
4548
8965
6452
4261
4079
5521
並且
6850
6326
替代
424
5989
裡面
3334
9127
哪天
5562
9594
看到
8360
3716
不一
1965
2204
8288
9969
2129
7147
那些
7553
8703
巴巴
4626
4963
9498
1505
4523
5818
1983
6342
4877
4955
用過
3682
8635
1155
9539
942
5809
256
7127
4133
7653
6229
凡是
2125
7953
2453
2302
295
928
2582
缺點
深入
5071
5883
782
302
不大
333
3933
548
3048
4723
4852
極力
5326
5478
3985
7939
8491
動輒
3235
6420
5973
6484
1417
4581
9911
4552
7528
6737
7282
8870
8378
2715
753
1958
歸齊
8278
2164
3037
爾後
3678
1140
1003
*
778
5638
4080
2095
1820
4423
2535
1635
3323
7228
4148
4188
不時
以為
1104
6024
2430
3892
1109
7248
6454
難說
6748
2957
1945
9451
6175
掌握
最高
5749
6613
350
4574
6857
5126
論說
8673
6048
可以
4539
191
9181
7242
266
9252
4829
3416
不變
8896
2652
4035
9559
7827
9654
4724
9496
1638
5761
4460
4930
1364
如次
8454
886
2338
5671
1539
它們的
9681
3845
莫非
7994
6434
3058
9578
1396
525
5593
930
228
5267
1196
5691
6194
1862
頓時
鞏固
即令
9849
8038
1936
5655
8076
3320
5635
5401
將要
盡然
1064
1831
1834
669
1004
3302
2317
8820
41
9002
7579
5983
9515
1157
93
7217
8339
7768
餘外
應用
9929
有的是
1014
5266
2796
4376
9697
1346
1624
4658
1258
5107
730
2439
261
63
4415
一天
系列
1968
1721
7591
5774
1858
6208
8166
953
5820
再說
6727
3258
9312
3110
4089
9513
3209
1515
5035
7395
照著
9240
212
8856
1544
7881
3468
9568
6303
4585
6968
74
7254
794
7918
1900
3102
6816
5588
8329
累次
5357
4602
27
5767
5385
5527
9302
3510
3670
8849
1938
2926
6250
3129
2256
行動
吉納
即若
9921
8018
2897
4162
8359
3807
8672
3905
5474
7164
她們
2492
6669
9077
996
8625
7866
3123
122
7582
8956
某些
3601
如若
4875
當口兒
8832
8869
2772
5155
以外
1853
507
9511
1126
1892
5028
3746
2431
6840
9588
7576
2397
9972
8861
9798
9614
4288
著呢
8073
6650
2132
8304
2252
8765
7670
7305
不特
2517
非但
5686
9991
7429
3020
8165
8912
至於
1608
而外
5789
5359
9410
8788
7840
7696
8809
7205
1108
6172
187
3571
5171
7073
1098
5371
6635
759
3163
9179
8324
1982
4004
1110
無寧
9898
9766
廣泛
637
抽冷子
5950
1709
2648
204
1588
2719
4146
5423
1989
1830
3722
5167
9509
3984
5848
2667
8753
1807
4301
3139
能否
3634
8095
7614
4617
7034
5429
1090
7318
691
725
9807
862
8127
4612
5777
502
9176
7431
2465
8906
5324
假若
6819
1808
6000
9489
6890
否則
率爾
4884
不免
5108
2380
553
4655
9004
2646
9741
5705
4180
4705
3105
5869
2938
過來
3366
4597
7954
4934
8653
823
5315
1748
6199
乘勝
1987
4062
居然
至今
9939
6642
8325
9548
6064
3185
9640
2512
657
1339
7664
6370
3262
6827
9527
7243
8294
892
6607
5753
8757
只消
3512
2821
9725
7883
如今
190
7656
2351
814
2626
3451
1839
6183
464
8208
277
7195
649
6224
5861
8405
下列
當時
5392
2995
一波
4407
那樣
4799
534
1818
5242
6479
她的
4896
3351
2825
8562
1580
況且
6320
7772
4766
736
7153
5845
1890
1979
7008
7886
4173
8610
5449
3342
6526
4010
何況
4909
8603
303
7749
6812
6596
500
何時
7968
4461
5724
4512
4335
4906
4410
2984
911
2661
5188
4375
7603
親手
4416
以便
非得
3684
7398
5131
7595
1787
3405
4228
4938
對於
8134
固然
1533
4179
9460
2249
5431
154
1000
9263
9125
6234
434
8043
8224
52
8791
3413
9430
3256
529
6810
6971
3228
毫不
1641
486
6047
5813
2610
3096
3230
2706
4787
6446
1584
一邊
3980
理應
6076
8651
5762
5236
1162
1073
6298
膚質
4178
1298
1101
2524
經過
5512
9332
6126
1115
5545
6057
4985
4885
2198
9329
6390
9408
9862
17
5812
396
4910
8293
7303
3929
5852
5746
3219
眨眼
9191
765
6138
13
8737
894
即如
6870
9679
此外
5646
340
4965
8041
越是
1216
1085
3358
9938
8676
6881
6786
5012
1379
200
2788
6999
7559
5857
3436
4600
3533
2707
2903
294
6668
絕非
已矣
2698
75
479
8777
4012
8414
8283
9795
3360
仍然
1074
7660
2704
420
2364
1621
1545
5114
962
7819
5919
4519
1504
5906
8102
8704
354
超級
995
8060
對待
再則
7853
8705
8047
7558
6906
9099
217
6491
1756
3196
1555
4207
969
866
3269
2846
什么
4339
6369
2951
憑藉
9417
9923
但是
4280
1221
555
442
3703
920
4662
6656
假如
4700
8223
1158
5821
4380
4417
那末
1277
7037
叫做
4538
7517
5880
3330
940
9270
437
3785
1551
陳年
5132
9943
8148
進入
826
1180
9402
9720
4652
2222
493
8626
397
3842
5409
恰好
5826
7814
9190
7920
3430
6332
1776
本身
2156
1138
2665
3982
1266
3515
5336
8151
確定
5879
2388
946
.....
5277
6178
5038
3543
9626
5461
3155
7384
2327
3611
2894
7821
7172
上去
3666
3391
8946
805
2131
9207
386
1214
541
6379
>
2537
362
3735
409
2190
2940
265
7304
6357
3562
2670
2895
337
9236
7526
1171
94
直接
1291
5174
7773
等等
7727
9560
3763
5504
3732
7161
、
2777
9463
8281
9462
3538
1444
1752
極端
9473
8287
為了
2392
817
3042
快要
3473
7513
啊喲
7142
2423
1018
1909
7631
1564
8821
7423
9830
2055
3844
2134
7319
3920
9057
9158
1543
4330
1100
828
如常
1779
3772
另行
大力
693
2033
還沒
9313
4537
1012
7124
858
共同
4707
3564
8712
9961
6155
7879
8545
不得
6137
6676
1669
672
8921
6524
441
1686
4839
8707
1141
9765
5240
毋寧
8253
9049
957
4406
3657
7760
4071
1872
6214
7182
2471
9750
大都
2638
1403
6602
3917
8221
1600
3220
4276
4391
2752
4069
358
990
7178
8495
轉變
8752
猶且
9025
7548
5204
哪怕
9868
6431
1359
6477
勃然
2271
5280
1630
9442
8089
3034
7294
3597
3385
5684
7714
2692
7650
3290
2091
6512
1768
3638
2787
3124
6703
5559
4542
9555
163
7530
無法
861
6275
3641
6457
3738
5581
9186
405
7374
3856
5355
898
隔日
8628
1911
6123
6122
2096
8549
4869
203
3708
5414
6616
5626
5768
4743
4718
7779
2086
7894
3211
5742
6928
8670
3455
6574
5745
1241
9690
迫於
1024
2372
6073
29
2855
總是
3962
5656
7483
6207
那?
3669
6892
願意
3018
4267
1773
317
8490
3233
8416
1385
6279
反倒是
6294
9871
8930
3022
9945
2077
5828
5487
3007
4295
1751
981
99
3274
8768
601
6324
931
只有
5043
1192
6422
4016
5312
3700
1220
7004
3869
1296
3532
6626
8920
5517
5224
9817
3443
48
5557
1603
9397
5344
1370
5117
1248
803
615
3214
1639
1760
5296
8786
1628
3596
8677
2057
6376
9067
哪兒
哎呀
3389
2277
5388
1528
4621
除非
7574
7154
9243
擴大
5442
7210
5373
4258
3099
7649
不定
3841
2681
5556
3484
只當
5541
1340
9078
8547
反映
4103
9987
3164
7674
6972
4321
8231
6228
751
5311
8727
或曰
9071
8048
當即
489
哈哈哈
1395
4693
171
9206
2792
5894
就是說
隨著
4604
309
有用
4315
890
3898
完成
2686
寧肯
3938
2643
7023
9314
6361
8536
1263
4247
3002
各地
5554
8902
5015
6023
4635
3805
3559
6017
9241
3158
1300
1181
大量
1893
2060
6387
9878
一時
5669
意義
91
1629
8356
6398
8609
6960
4849
9934
7930
6706
4914
4759
1574
1976
2138
6745
3973
就此
496
2675
3509
1781
5065
3806
一文
3281
1358
5348
9012
賴以
6189
4976
5481
4907
1391
746
並排
9783
此中
7902
9897
6927
7776
3432
699
7707
5585
6992
[
9399
出來
1873
果真
2287
4997
3521
679
5162
3062
才能
9029
9274
7825
9039
8174
1231
乘虛
3321
9512
1730
6046
4078
952
1397
5229
4687
6621
8398
並肩
2136
9439
9283
4730
8379
周圍
相當
6875
7940
7375
5253
9031
5518
3786
連連
7413
8938
3086
3001
326
589
368
7678
5207
5909
5710
1522
8070
6206
684
1153
9510
5878
7721
8265
1305
393
355
1662
2268
5732
1844
5578
傳說
9745
8397
2361
爾等
8282
965
7125
3431
8678
1668
9848
4232
6527
莫不然
8892
3137
4158
1778
1466
749
1659
9278
2522
8140
7377
9043
2488
8977
5261
640
9149
9279
9308
5470
6476
8437
另外
485
猛然
2201
1583
5173
348
6163
2071
6435
5520
大批
3206
913
54
1970
7329
6630
5202
8314
8012
1132
開展
69
1602
527
9747
9522
9276
6904
4384
2433
2561
385
1015
1696
283
1496
9671
678
582
4037
1356
便於
1863
5061
依靠
不常
6557
6459
7724
7929
5283
1415
901
9153
802
6614
3608
6182
399
1525
5974
2807
1331
5709
7108
正是
8154
3490
7498
1489
9639
850
8004
4742
8873
8887
6025
6781
6525
6292
5376
3276
說來
3561
6169
2174
2685
支持
970
4777
651
7187
1343
9755
4956
何處
5920
503
9355
準備
2066
3849
7622
6790
6577
8481
6762
4487
8086
6989
9358
7975
8106
其實
5147
不知道
219
4248
708
4847
2508
必然
605
747
670
9020
4210
6003
6506
4926
從速
分頭
839
8239
6465
果然
3115
1006
4561
一流
4060
7740
8729
5390
8045
5603
真正
時間
1660
9919
4476
4045
2224
4367
9526
8053
5651
1711
2986
9933
8524
5699
3889
7512
2883
8332
1106
8939
1201
9916
正常
2296
4752
775
5730
7219
9301
即將
9944
1272
6943
8735
2664
39
8746
隔夜
3706
6323
8602
5873
9979
9223
5254
局外
2076
8715
1399
故而
8880
1355
457
看出
3766
4353
5422
896
1542
真的
254
7432
2026
3197
2355
20
8709
5752
1154
391
2484
顯然
4289
9685
246
3469
1840
2513
9561
6608
總結
7808
3522
3605
8044
2579
7795
9273
9334
1720
8994
相同
1202
8812
5766
6858
9084
7686
5416
633
1288
好的
5999
1684
9900
351
7598
2674
8517
5052
374
1683
2316
1880
9080
9157
4973
6349
3626
2295
3222
遭到
7160
6595
1568
6752
7074
2597
8250
7817
2736
372
8814
1763
慣常
505
8696
8514
6769
加上
1502
412
544
6160
急匆匆
8262
5076
4195
8600
9819
7539
8355
4970
2147
1445
9632
6165
5731
惟其
9881
7447
3403
4018
2990
3582
9941
8512
1063
3270
477
6673
2497
2089
9264
8808
2639
3336
1025
9437
4117
705
8152
4297
5937
4689
5622
6195
1961
7899
909
1599
一場
3721
8492
4932
6973
知道
後面
1670
各種
628
3613
屢次
這罐
7546
8125
8865
不惟
9
5786
2542
2549
非獨
1005
4725
5599
157
4046
9305
2694
766
6896
1951
7811
1597
3055
8538
2519
3585
1889
1318
5944
8667
3950
3365
1595
~
7829
6770
向著
5929
不敢
1905
1934
5316
3373
6318
9316
642
1650
3986
2520
8859
3560
1301
8370
9482
4675
2630
586
1697
難怪
1532
近年來
7321
7221
4118
8687
216
6724
4177
2197
676
6338
1069
1066
8543
8848
5893
9102
連袂
1284
561
3347
諸位
2746
誠然
8599
2241
之一
5032
7989
有及
583
9367
2193
6337
176
9369
密切
4489
6567
9854
8668
8441
1817
9271
7928
5670
270
4273
6143
6089
7104
5104
6196
1795
7915
2964
9048
6648
7685
轟然
6305
5636
5309
1020
4643
5897
9387
5182
8382
2730
2321
313
1470
2701
1908
4771
763
225
5049
7148
3199
1335
9519
3189
584
8108
8407
5890
6592
7186
8027
過去
4911
4192
7168
7188
9155
2333
2413
893
3182
1737
1422
9963
9954
9465
3993
7041
8042
4941
6782
8587
9384
8217
8138
8872
1294
2081
5228
9981
213
往往
1997
7699
6282
1506
\
9429
281
8868
2434
3750
1224
5437
1680
5567
2265
3808
7644
4843
8206
倍加
2861
堅決
9711
543
哈哈哈哈哈哈
企圖
6389
7689
4157
8565
8759
如是
110
因此
7315
則甚
8748
9695
1332
7619
這麼些
9837
9668
7575
8546
9066
9659
7673
7005
構成
9586
6039
9133
6307
4108
1717
9607
9650
前此
4891
5377
3394
3899
1092
7569
845
除外
8111
7585
暗自
8662
356
380
7521
2257
7911
1144
6516
1282
7946
4833
3192
8003
2853
難得
769
5924
8248
4153
9628
3293
1729
127
大略
6364
9068
5978
910
1095
3370
6071
8365
2621
2113
771
5370
不能
3539
6340
3926
2974
4817
2850
3028
870
4498
7401
5755
2978
9285
1471
4560
9786
7197
7535
7200
5360
6223
5438
2797
3132
3179
一切
5679
一組
7364
7270
8919
1742
3337
2722
4068
3853
141
?
2916
9143
6697
9072
1345
3169
1828
233
9092
4801
5333
5299
2344
7908
何妨
7572
9621
6218
8632
951
2662
618
1200
1894
7878
立時
4764
5831
5361
8082
7299
9843
5628
3688
5911
3015
6645
948
1259
好不好
3013
3424
4951
7370
4259
1052
43
5702
自己
4988
9260
6597
4631
每逢
8084
3493
9913
9074
6148
6272
9211
4190
3014
3660
2554
4883
1527
293
敦和宮
6221
4291
9625
5467
3704
5639
9227
3383
218
7645
8520
1424
反之則
1457
4027
5003
5938
晚安安
7608
不得了
5936
8522
4137
9565
9553
8800
2391
5050
1459
166
6501
2059
3629
4106
1002
認為
6245
5041
5552
7442
2437
4572
180
1728
2900
1039
1592
8198
7204
5533
若果
9400
2947
3010
6585
3658
5918
1333
7543
2619
6113
5010
挨著
4826
7209
7489
1703
1401
4780
那般
7785
4357
9543
3859
7733
6854
638
4995
3632
132
就地
7691
2304
7942
8267
8000
7208
3471
4547
4343
764
8334
4217
1123
到處
5630
552
7334
2452
3227
8929
直到
4203
4185
基於
8232
6489
352
二來
5258
5408
7232
90
6069
83
8007
16
6704
4286
5100
9699
一年
32
7119
只要
9296
他人
4446
2292
6779
6761
9727
5550
3936
9335
7835
8057
6901
1490
2042
2414
2387
1747
4496
8945
切勿
1926
頂多
1226
7625
9965
7302
5159
從而
大不了
8317
9175
4940
我覺
5998
6763
再者
8816
1547
7084
趁機
550
6571
7449
4503
652
6226
4788
5448
3292
280
696
8641
5650
4510
9662
7326
949
6036
7947
6959
4040
296
7462
5532
9428
7088
9719
1182
1845
6666
1933
5282
3107
7352
2716
8532
3492
2177
6624
2683
8513
3881
1207
824
2586
並非
4356
5120
表示
不錯
9781
8502
一方面原來
8178
7076
7144
3460
1503
就算
3111
3384
當中
6424
983
416
1169
8931
8098
3390
並不
666
5535
5675
1935
7060
進行
下面
3016
6478
5393
4525
3802
1234
7045
3712
呵呵
3752
孰知
5398
7311
〕
比及
6537
388
1998
9212
4815
6964
建議
9925
3203
3140
“
675
9344
9610
2195
8408
2186
4138
到頭
6729
7214
5320
7068
821
3924
5089
5494
全體
2854
4029
1021
184
1640
她是
4594
8220
1493
？
7752
6270
向使
8601
大多
5891
6811
5381
3202
由此
2283
4250
7937
2074
1632
5993
8163
或者
8631
6154
4265
3039
3754
譬如
8308
5839
9096
339
9797
別的
2831
3832
7106
3006
7630
2062
8184
逐步
9563
4448
2343
9792
9459
1286
2046
5477
456
3446
8785
2139
2658
7030
4774
9044
如下
9294
7130
1623
1058
3482
那麼樣
5123
5573
998
9123
7428
根本
9806
按期
2045
8764
4923
9713
2079
2476
8976
4603
8474
2525
6102
尤其
6753
5692
2725
1559
及至
8254
6051
2424
1887
1661
8175
4668
4212
4334
780
3133
6301
8496
2371
那種
9590
2328
3423
1230
2833
334
了
8039
不如
雙江
947
8523
6795
8665
1842
7245
5374
2906
4733
1349
6020
7420
4950
3112
9838
9203
760
4220
8680
9336
1068
328
5690
!
4754
2406
3888
175
2506
4218
8185
8274
9504
6618
590
1861
6377
2236
3414
1097
5779
577
2240
5971
9237
710
7824
3952
迅速
5029
故此
8139
4459
2596
9914
1789
9664
2097
2784
4579
4868
6513
1888
3406
一枚
怎?
1801
6124
4206
2358
6299
139
7356
6899
5343
8091
2975
4222
436
3072
2326
3201
912
3059
3327
4586
巴布
6615
8528
6803
1119
1016
不妨
7165
2980
2303
130
9986
201
3939
3425
2671
9361
挨個
3301
5507
7557
1570
9686
4198
8301
1537
8417
4110
9403
6553
3071
6828
723
6560
4307
6683
1509
244
4614
6765
3106
4332
8094
873
緊接著
6714
4256
8622
1353
3779
8509
8126
9073
2498
3171
故意
7695
1930
4134
6395
2516
885
3726
屬於
3017
2232
4889
6280
7117
7237
7784
7754
8271
8209
5419
」
4279
6709
7736
2693
8406
321
據說
9055
7051
8211
1222
6382
8438
2529
6702
3729
6905
8953
4466
5068
718
6804
3085
7445
1701
3831
6038
7804
3908
6598
7388
4054
上面
5568
9556
1794
7390
8839
8389
3487
1487
1907
8780
注意
1262
6363
日見
1274
4500
5091
美妝
7509
了解
這會兒
4550
6839
9100
6661
8388
6469
5967
6638
454
1320
4025
2207
2790
怎么
4832
3151
1384
此時
7756
1762
加入
決非
1278
始而
9255
逐漸
3947
3154
1001
8559
1410
7832
8742
165
3035
8380
3549
713
2202
1387
7742
3375
6119
7263
3082
4319
安全
下去
1193
3287
7941
6005
個人
8763
何必
49
5331
8984
7262
6807
1185
3995
顯著
6562
1080
4515
不夠
4413
4352
4676
4983
9712
4127
6396
1899
2879
8465
4880
5648
4533
據稱
7769
519
1631
1529
111
7537
本地
9023
5179
8433
結果
7885
關於
等到
5510
4657
606
7307
2904
243
6894
6696
5712
6641
藉以
5186
6243
3314
感謝
3737
5598
常言說
9606
8604
4451
206
1175
4532
1990
4971
9054
3393
6070
23326
1232
2050
4673
3083
獲得
1386
嚴重
5902
6492
404
1715
2464
6278
1342
8590
1882
7191
8591
喔唷
6019
871
4244
5085
5966
2763
88
7087
1594
9540
7151
2836
6579
7072
4292
6708
222
依據
不用
2738
8588
469
3527
5875
發文
9385
5006
8081
6417
8893
3245
4744
9298
1042
恰逢
1081
1698
3224
6004
9751
7026
6796
264
5384
3748
3260
6213
2942
1013
3503
2530
6374
8569
2477
一樣
2102
4058
701
4933
不巧
8577
1994
4125
7052
6111
9658
9253
1268
一起
簡言之
何苦
從輕
9815
653
人們
2231
7040
7275
3116
7542
1352
5070
8480
169
7437
5220
288
9657
7404
移動
610
倘或
240
切不可
又及
8830
6059
4478
5571
2733
9876
8203
2544
15
146
5574
須知
8233
5644
6693
接下來
6262
4014
8354
2534
2149
9808
4290
8889
2620
1311
9458
2852
2589
4299
因為
8489
563
即使
9729
1838
9272
5528
4453
9464
7738
5994
9339
1790
3318
9655
5525
7926
夜安安
5991
2614
5592
9518
9083
144
7731
1824
4692
7348
3146
下來
5358
8716
2312
可見
8052
9250
而況
4755
3043
8107
左右
3331
2454
2835
2281
1051
9542
2806
2885
804
請問
7626
7179
2546
2858
7471
1295
9494
8907
7843
1388
2266
1665
不好
1923
7341
1802
1510
一般
4680
9703
6449
4102
屢屢
4587
1474
2065
8112
9106
9254
2695
401
5069
7427
9093
7778
也罷
1275
7734
2576
2539
9292
1302
6996
287
3833
啊啊啊
3782
5415
2699
5806
7193
4694
6190
加以
3000
2348
9282
4111
1404
4486
2419
6345
2379
4607
2899
9746
2243
3368
1771
相等
9758
若夫
2832
6853
4573
9701
6140
6647
1975
3400
515
9303
為主
1611
能夠
7313
沒有
6734
1055
3851
9976
從中
9953
3417
9893
4563
5816
1306
8810
8299
7654
290
357
4844
4609
7183
6002
9289
9799
8699
1242
1218
3381
3205
2783
2812
使用
9406
4996
4989
6940
9317
…
9634
大致
9749
成年
7340
4424
6055
3303
1350
通過
6101
5285
3749
幾經
1161
3279
9802
比較
2767
5263
7455
2741
3454
3229
9787
4107
1864
5997
3437
7059
趁便
776
3459
6797
有利
3798
詳閱
膠原
1329
9730
9777
8958
2838
2337
6948
6838
883
4569
1
5817
258
5342
並沒
6535
6861
起來
1206
8878
8141
688
6198
3760
5262
5459
1281
2350
1585
7633
2386
6106
旁人
8277
1047
3452
6472
6610
2192
580
5172
5802
3195
4605
6212
4373
4656
文海
6158
9646
2421
6268
3705
5350
123
2874
2952
6247
3409
5428
6156
9841
8
7177
9637
857
3957
6835
5790
韓亞
4470
1799
是否
6700
4154
2275
799
1482
6977
老大
7229
自身
據悉
5975
2288
9372
1612
6719
5785
7847
8714
697
7708
1724
8726
1256
8242
倍感
5794
4472
3730
2105
1898
224
923
3691
4919
1423
7903
4480
4606
正值
5154
7936
9094
838
1254
8949
8179
61
9005
5979
4508
546
5138
9295
1733
8183
4641
一件
7276
加強
2200
4729
8037
9803
9693
242
6150
4666
7599
一幕
3731
7641
大舉
7047
7405
6922
135
4648
4835
4551
進來
7457
150
3861
1806
3415
7978
9733
7231
1253
1213
8008
3341
7346
1741
312
3433
6368
2490
7893
25
8774
2293
3637
9173
2930
1322
6448
5981
8914
6963
1048
2785
4702
2467
5805
5840
5834
5165
459
5297
要是
4021
6993
4924
4513
299
4114
30
9880
8557
7959
3421
5389
636
哪裡
所有
7845
2748
3271
3526
9716
600
1179
7697
5668
4750
6487
3412
6541
這是
1589
941
9362
8058
這點
6637
複雜
752
9199
4372
709
不要
8205
121
1304
8989
4432
4150
1581
1453
保險
?几年
5148
526
8050
985
3026
4653
5369
905
大約
389
8620
3475
多年前
8371
乃至於
5961
8908
9957
3210
5886
8170
8497
241
6580
5607
4314
3166
5962
每個
1988
2884
984
5634
3667
1535
5910
364
5287
6818
8666
5529
1939
1477
9839
359
3419
5797
5391
4925
之類
5664
2142
6327
5544
全年
9537
5368
3834
9033
比方
3816
9284
5457
9354
6222
9661
2366
7105
4810
1944
806
4714
1348
8749
9855
各級
1849
6520
起見
9732
白白
9010
3291
9558
所幸
先後
2072
3877
或是
路經
1940
2311
4485
9443
1526
2786
9670
9562
1536
8558
1846
2161
188
考慮
2584
8022
9174
結合
6915
7504
581
5455
5922
7001
2116
洗版
3103
1010
7002
8556
8769
2216
歡迎
7499
3343
307
7485
570
唯有
9744
311
6329
......
5040
9321
或許
8403
5194
召開
8992
戰鬥
7486
2881
5279
9076
達旦
3661
毫無
993
3180
9234
5523
2018
3599
4798
7750
4671
5332
162
4615
5889
279
6442
心裡
6866
8335
8738
7494
前者
8160
7252
1530
6951
630
9624
6419
別說
默默地
1168
2163
8236
4240
5323
對應
7661
2306
背地裡
6216
1116
762
2659
5917
6712
7291
612
1819
6185
465
1246
4439
產生
9891
9497
2114
8959
3200
早就
必須
6481
4559
2640
1245
1032
4946
6054
743
5795
6788
2901
略為
2422
不外
1896
5739
5363
5838
8924
1431
3060
3541
5896
不斷
2370
3441
800
9754
977
9870
普通
3662
5798
5759
6248
6494
4546
7621
4640
8876
3046
6984
234
全面
8803
5116
4136
竟然
5235
8336
7198
1651
5403
8401
作為
4065
6646
4681
8367
7737
3448
726
1150
842
9946
1822
881
3665
7669
999
6946
3005
158
2540
8743
過於
3883
9221
3967
8981
5782
4695
569
1172
7314
5203
7663
認真
5933
7054
3097
幾時
7064
4191
100
3676
6265
9156
6716
3135
8191
臨到
按理
規定
5365
5825
1814
5982
455
7403
5912
不經意
5094
4091
1043
8013
6988
1867
8222
7957
4251
6261
可能
2260
6640
7349
2230
5383
620
8710
5346
1170
5783
縱然
9633
7224
卻不
4739
5495
607
8781
1927
3812
8204
9828
5841
1744
2325
3439
任務
相對
4854
3971
6273
310
6309
739
7637
3031
2558
7190
680
227
8302
從寬
3906
9490
1582
3568
3554
5345
9844
6392
820
7910
7693
6410
-
7443
9300
9378
9154
318
1792
285
7003
9551
711
7971
8649
光是
2336
728
76
9394
8982
9169
8488
5905
9164
9069
4731
624
8952
全然
6919
7173
1912
7361
至若
8157
8951
6428
2282
9579
5222
說說
7874
4484
遇到
1060
4471
423
8966
7292
1800
心得
2084
這邊
5888
2188
1007
6509
6161
3784
9951
6204
接著
8854
4336
2769
1009
7488
4464
8969
6490
4784
5708
4908
474
於是乎
918
豈止
378
663
9652
1971
9689
5318
不但
3359
3250
1903
5337
877
以下
4794
319
3472
5223
2255
8032
667
7950
8276
6231
5643
2616
6441
347
1031
7430
6145
9918
647
成心
7287
2632
7451
1103
189
8078
6427
4624
1096
6144
9962
5334
9583
7335
主張
1257
9109
1682
7723
8988
1618
9435
6918
194
8229
6528
9538
6035
8097
810
2299
5620
523
6498
4993
8962
頃刻
多麼
8241
1026
趁熱
9710
6755
1695
689
1363
4401
9577
6950
9660
好在
4701
4076
4745
6777
712
6867
4008
今天
9024
375
9107
莫不
6825
9629
3289
3709
”
7895
8904
3655
8214
9833
7392
7097
乃至
7086
5142
943
7725
5863
2794
2935
1375
2669
639
6933
4819
何止
4187
3627
5540
8758
5687
9959
存心
6864
5189
86
6564
6823
3051
7583
1805
1313
6293
分別
4987
9393
4142
9615
7610
必要
3208
3148
879
221
1803
同一
7100
庶幾
2902
3713
3174
1418
1223
1860
1077
6028
4278
1040
45
4697
2250
3333
8269
482
6260
萬一
特殊
啷噹
836
4387
5972
4013
遵照
取道
8321
後者
193
7345
815
3286
537
8963
1702
2955
6970
5105
7970
491
7900
5480
4219
4346
1878
5916
9455
9161
8055
早安
950
9249
4753
6529
1373
7990
9275
6926
8695
5714
2319
8721
6721
安安
5169
7761
1785
564
5127
6994
2689
天天
8905
2816
5955
9452
8173
4890
2209
大事
8537
3799
5020
3438
7805
966
4473
6986
1973
5112
待到
3084
6460
5895
6162
2543
2099
5522
7977
9688
3255
721
8637
9847
3447
8598
9738
7931
6463
6930
8613
4912
4490
2577
939
8926
2314
9433
由於
4378
充分
常常
隨後
2481
8998
2087
9525
2967
7470
7549
8691
8145
6809
7801
9061
8316
忽地
7836
啊啊啊啊啊啊
3461
乘勢
6733
5645
7647
4979
7607
4252
4051
3338
1731
與否
各自
8811
9470
7997
3574
2294
5446
9865
8194
978
5317
8589
....
115
9984
4528
1033
不論
不過
哈哈哈哈哈
7249
8682
419
3252
3310
147
8247
7547
5611
8182
7507
451
3300
3932
84
3398
3955
9338
9656
4269
2170
3346
上山
9309
8574
1694
1765
根據
3624
6034
3312
7676
6862
3499
9529
1587
5948
3990
3056
1714
5349
5364
5824
3363
4100
6416
8550
8115
4435
9474
9648
5286
哪樣
自後
9937
3848
7745
7522
6184
4783
5073
7996
6619
1521
4482
9268
6130
8597
4182
6751
8674
6878
6939
1607
7593
253
4806
5218
4394
4874
7984
練習
5427
1149
5057
6903
7320
不已
6313
7143
6895
4033
2034
2649
3663
9299
1823
2040
4939
9936
6962
3470
1105
9098
4549
7380
4204
4039
9022
6205
2979
8150
6352
773
8011
1507
8390
4636
5302
3875
如同
6872
9228
再其次
7982
各人
1476
5953
2181
3307
572
6655
9217
來著
7399
我?
6174
倘若
9836
不起
從新
8697
5479
7355
2613
5546
1405
多尼
145
1107
7564
9569
可是
1531
2220
8838
3387
9142
5542
1323
223
365
4458
1235
1725
6741
6116
3852
起首
3922
4811
認識
7716
那時
立刻
7492
480
9759
1804
2094
7098
7632
9245
6546
3263
7765
40
一片
8028
8318
370
6136
2041
205
沒奈何
3297
6225
2052
3884
704
8366
9993
8534
7111
9988
2634
9805
5570
8897
啊啊啊啊
不足
5678
不至於
7506
5604
6330
5208
8264
9776
7396
9097
4140
4870
4257
5325
9059
1409
6720
1022
4063
其中
5400
1276
6403
另悉
8933
極度
9816
8297
6202
2345
1167
8855
9210
2284
做到
8177
2919
8400
這幾年
3352
9653
330
其一
5597
9603
8796
980
7411
1673
藉此
3361
4858
7839
4296
7272
8618
727
2300
1461
1712
6605
不僅僅
7788
9453
3553
6209
1287
3724
9108
6518
9784
老是
282
8369
4567
113
329
3810
8840
4564
8593
5716
4663
1113
3819
4132
6900
表明
9209
9225
5210
不是
4457
3642
6522
一旦
1952
3282
出於
1815
3241
6302
8894
1915
不必
2866
2104
8596
1050
7174
8660
比照
5045
9132
2829
2644
3719
1619
4425
9182
3242
7927
476
良好
5404
5586
306
7976
3652
579
4243
7961
不比
343
1460
3575
8663
7032
1312
4159
起初
3407
8740
1636
1176
4260
7465
9008
6464
漫說
5823
5019
5372
5458
5531
6044
2998
1236
9484
造成
6
4949
除了
3740
7851
5095
4205
一子
3324
3050
3943
怪不得
剛好
8330
5264
9304
6519
8393
2441
8521
906
5354
不力
比起
6845
3350
4052
8256
4086
此後
8432
8925
6969
1377
6372
7613
8092
9389
6514
4030
4899
3173
切切
7964
7220
5249
5992
4492
形成
3329
5308
清楚
8423
262
只限
9115
8238
9360
8871
看見
8372
3408
80
4224
2765
6317
4975
8069
4023
6056
5901
9396
2183
3399
8485
代替
5056
5663
4536
6882
1088
4650
8119
絕頂
一直
574
671
9448
5145
取得
7472
3322
5087
與其說
9886
4467
1145
8783
7273
4520
8331
9647
6333
7213
4396
5904
9351
2684
從來
715
8646
4454
7799
講話
強調
5452
1719
9533
不了
593
7570
4894
有力
460
2461
關鍵字
9095
今後
3501
5727
64
5151
9995
首先
4651
9148
2098
7520
4791
堅持
8305
9904
5680
3797
4898
6849
1499
1337
733
5219
8158
9516
841
5493
2168
5575
3619
9623
1569
2194
9851
8392
6515
3463
7354
6090
5382
6538
2871
1713
肌膚
6146
而論
4679
3823
帕西
835
1053
2987
186
云爾
9912
137
891
3868
6496
2527
7629
1777
4986
170
9920
7935
8105
9082
976
8168
7116
7683
及其
3940
5502
2712
1757
5252
5212
剛巧
8337
9368
這裡
5811
8346
5163
2111
7070
2679
6058
6942
8230
9952
8736
再有
嘎嘎
5113
2493
昂然
理該
5489
並無
且不說
9714
1647
多年來
173
7092
7255
9801
538
5514
6328
3114
7831
8171
9440
5770
4576
987
7858
1784
9478
6283
7022
8387
4840
4565
8614
6077
6997
8303
6355
6098
1125
6532
7145
8842
7986
376
9310
3088
嘩啦
3240
6931
1273
1361
6191
2615
5743
8805
6322
8411
每每
3134
4283
5757
7514
有些
5327
午安安
5272
8087
1448
5275
全都
繼後
4776
1881
8658
6545
4385
5143
7367
7652
9935
8449
514
3077
2324
5711
2996
7730
7312
6134
4183
9704
甚且
417
860
人家
481
3953
8909
6625
6692
截至
9239
7479
成為
8794
9418
1985
2500
2915
7797
5866
9778
818
2918
2688
9536
8934
8394
6956
2511
9731
6652
控制
900
3540
3860
8754
9422
元／噸
1290
8792
8630
7529
1645
9347
6955
4845
4098
9757
7870
8024
8093
761
有時
9635
6599
532
3728
2676
5836
3978
1885
7466
9530
6131
8289
2556
6949
2080
6543
9983
並不是
53
7758
2970
6917
8266
7453
3694
6120
8033
7460
該當
5584
2711
8895
嚴格
2385
5024
798
很少
9287
3734
1956
那會兒
9779
1389
2402
偏偏
7943
4275
7782
這些
2708
9968
2276
4082
2647
3188
6887
9990
2217
8476
3771
3520
4483
2972
8079
6929
8612
2362
3942
5300
3960
4019
1041
7368
7877
4053
6291
5352
6932
3449
數/
7602
嘎登
7071
為何
1240
1519
9869
5629
6699
2214
5330
6805
1767
絕不
4749
1772
6316
黃金
6675
7992
5023
335
7284
5436
1486
3353
它們
5538
3876
4646
3304
不若
而後
9162
4507
7854
345
6281
2771
3552
化妝
這種
9742
6667
700
1948
2607
2612
5397
3504
8619
9931
6232
2958
461
9326
武三國
7690
1079
6219
1147
7798
571
3937
3040
4994
4857
3090
8533
644
5589
今年
5226
1999
2961
2592
1330
5543
1917
5046
倒不如
2762
3517
729
9124
7717
9810
6884
8494
7767
6021
4903
3897
7606
2466
5199
816
2761
9604
--
5160
特別是
6114
3545
6421
8054
8739
6778
2717
4575
8228
4592
4541
8881
3480
9105
6773
6149
488
9892
4708
483
5951
897
864
8226
5329
3027
6657
簡直
3131
6983
5009
105
4672
4737
6889
8834
1078
2212
要不是
5421
3787
8129
雖說
5763
6440
4481
6078
557
感覺
5430
6336
643
4006
7774
1114
9427
7770
934
3764
4981
1028
6008
對方
1992
嗚呼
5666
到頭來
1705
7702
2705
4778
5420
5129
1928
7703
6559
保管
7185
5847
2290
1732
矣乎
5747
2782
1451
2845
3639
7283
1914
9665
2862
2608
8442
197
2834
難道說
1633
2564
3714
5412
904
一來
出去
1954
8833
9256
1577
2988
4354
7973
盡可能
8948
9517
9337
似的
6679
7867
5884
3091
6080
5230
1622
2404
6188
3257
7239
7067
5149
自個兒
3681
50
4362
807
499
734
23
3332
6011
5947
2154
類如
儻然
211
9318
9856
3793
8315
立馬
9672
6239
308
2956
5306
592
6254
2999
7365
但願
587
982
4682
1127
9619
3651
3453
6359
6439
8074
5985
2773
8708
6263
7726
就是
9184
4369
7965
既然
8484
9552
8955
7820
全身心
683
5903
3570
8899
66
4654
9038
8798
214
2378
1552
6569
4167
613
黃國
8149
重大
1072
7890
7029
這時
1483
極了
2623
4216
9189
8580
1512
9682
51
5555
6147
5128
多次
比如
3542
2215
3218
共總
9691
7069
9850
5394
1229
8943
9042
差一點
599
2262
3004
2781
8001
8539
7680
4123
1023
此次
如何
趕快
立地
8298
2572
盡快
5536
3397
9028
有的
1049
4892
9383
1204
3513
9528
5667
2954
3478
2269
5925
8475
9348
5144
9736
3970
9411
7800
7807
9800
7753
7981
6644
8683
6674
2251
9978
3692
4404
4246
9696
依照
3609
7400
2696
8064
9424
2447
7077
9883
雖然
5672
4836
8347
7129
2805
3815
2448
4430
8831
6015
2478
2641
1215
6043
4007
6129
8477
7162
8606
3183
5026
5677
3576
1560
5468
處處
2536
3434
8040
5647
6629
152
3266
7869
5754
6173
7713
2809
6833
6848
2228
1609
5940
377
6678
4264
7440
8010
4318
1791
8515
2353
2969
8932
5082
4915
2070
5405
是的
9112
9188
4545
正在
1904
4715
1593
7590
2457
6475
3902
7508
566
6916
8071
8913
6084
1360
4024
6497
9985
4943
4011
3495
1710
3581
4895
2750
1699
你是
4802
8096
設若
2159
6824
5339
741
9597
3616
5641
3880
5289
4816
3781
9194
8935
1299
6505
9905
4960
298
117
7387
』
2946
7397
之所以
這瓶
3011
9994
1473
4619
9879
4772
使得
7000
1128
設或
1084
8026
5791
7226
9267
豈但
2340
6688
4329
6764
5476
1484
5765
6074
2470
3761
多多
8960
963
3012
3753
3718
3863
3649
1438
2843
2063
看起來
5380
得出
6393
8142
3150
8279
4422
789
5615
2416
7212
3109
7701
596
8385
7581
5737
3974
7035
8435
3829
9398
8815
632
8322
4234
6544
3023
6659
6735
9521
9376
有點
2824
6730
極其
8570
1434
6157
9350
4638
1212
5799
3653
7268
8985
3866
000
1414
2246
9487
4495
4223
5751
4629
任何
3791
2939
1870
相應
9483
3914
8505
8468
3769
8884
乘機
5190
9062
9126
4928
9582
5090
342
5907
1019
4944
4320
憤然
3073
8030
9466
2994
3583
2992
3693
5271
208
要不
7389
8452
但凡
當頭
1906
4298
7083
慢說
3497
1833
511
2599
6722
4003
9973
7687
2591
9762
9636
8051
5505
5524
271
323
7369
4452
3587
2143
7007
492
8219
8218
2817
4878
2950
415
6482
看看
5340
2617
3525
2315
基本
9717
8368
4465
只會
3144
8156
2823
9086
7552
3550
8327
8875
2933
9200
6474
3357
4213
哈哈
採取
7265
3175
447
3502
1495
明確
3850
千萬
5166
120
9103
3127
6385
2435
全力
9138
3217
1146
4562
8132
1571
1462
9705
3778
1813
3951
8617
7309
大家
沙沙
3671
5106
2941
9630
5990
7010
9131
5237
291
2568
5689
3093
7468
9041
6097
6297
5844
7016
7050
787
4436
3770
7739
請勿
410
1869
4419
5563
1672
3563
6117
7131
547
236
非特
6458
9204
7875
8046
3466
8195
1746
2583
6319
6010
4324
4879
8530
9584
高低
7712
6799
5077
6105
1902
6252
不日
最後
2375
8144
740
8918
1368
6830
5853
4521
6180
7402
5152
7441
6346
頃刻間
1996
2826
226
4582
4400
1133
7991
7729
1452
4610
8648
3966
1382
2175
6201
7554
9831
8320
相信
到了兒
7855
1575
8639
249
3198
9414
4504
944
4827
4048
9046
1027
452
5764
6789
2905
1435
7288
1227
9195
串行
9392
576
目前
9506
9047
936
8857
71
1567
3427
366
5623
149
5064
8210
986
6898
1573
4044
9982
6651
4618
5111
2841
8898
4760
1156
6542
3008
莫如
充其極
9853
5624
795
8975
8767
3625
啪達
9390
1558
7857
幾乎
5231
6549
有所
735
304
7620
7267
3894
7322
7433
5849
轉貼
5605
寧可
8961
7751
5341
7258
1217
7378
9269
8085
7474
6171
7852
6168
42
9258
4825
4236
4936
6192
9382
3675
8309
強烈
8576
8616
9683
6558
8684
3511
8193
8518
3500
9782
4215
6109
2625
4804
4281
例如
6690
7298
38
2593
8319
3826
3835
7166
2073
別處
7636
8035
7518
以至
8679
1644
7925
2444
286
7256
6924
383
2892
5321
3768
6944
怎麼樣
3238
只怕
5200
6533
3727
3044
4093
2921
4842
7266
788
7871
4747
6348
9888
3923
5693
不怕
8453
1986
需要
8990
2455
7956
6536
6210
1485
8947
8469
2982
有沒有
趁著
8470
4738
8779
2710
6125
9790
7196
4812
9343
1513
1754
3516
2182
7816
2768
5775
431
7640
9906
3701
6032
6859
7274
9297
9917
3961
3991
8260
2210
9193
4633
5932
3519
9708
從不
7909
6499
2827
8772
9136
3640
全部
2775
從優
4199
2606
3076
4716
6954
你的
7269
實現
東西
8605
9412
購入
2354
5787
3759
3741
一篇
9001
889
6177
2627
2339
5801
2865
4828
1919
498
6965
2864
7152
撲通
5251
6274
315
5713
4834
1554
6230
大概
6159
9564
2732
5244
971
4659
1821
4099
4294
8685
2793
475
5211
9238
1426
8343
4139
9572
7906
拜拜
9574
3296
5596
2331
8340
8950
9380
4028
一中
7715
7422
360
5498
決不
7358
3698
5022
當兒
7416
4637
7555
4630
604
那麼些
1769
7880
7478
5135
6885
限制
8116
2253
6365
7176
3248
4113
2518
2745
4699
1929
6815
4613
5984
8425
958
5833
3595
2747
4785
6936
9280
這款
2872
5214
6164
8843
9885
9773
姑且
而言
7138
997
8900
8428
6399
4848
3956
1408
5723
779
1942
4945
3184
2472
7922
3030
8176
438
8615
792
9821
5855
4211
1056
247
9571
4856
9331
1271
罷了
8402
3280
當下
8155
831
1691
7949
3958
1325
7463
不勝
9220
9768
4913
2721
8841
3128
381
9381
269
9964
3215
2726
7325
4590
2731
反之
6444
5099
8458
1508
5965
6030
3811
6115
歐中
4143
連日來
2849
9230
1626
7860
8457
7944
本來
1501
7966
2036
範圍
1463
60
7980
7524
7932
2130
2882
567
3101
9476
97
2814
3904
463
9198
3710
3376
4171
2609
2553
5957
2479
2840
敢於
7892
9323
7251
6883
1963
5335
3959
3594
4627
據此
多數
520
5058
4710
1910
4055
2876
1690
1780
6502
幾番
1354
2446
6587
5156
8272
4116
833
338
7475
先不先
5701
3456
9567
3167
4773
5413
3743
我們
867
8121
36
6127
3796
8025
2238
凝神
1901
4064
6096
8744
7545
5062
甚麼
8642
3792
5092
9248
1166
7079
9545
6027
4588
7500
4529
6510
8075
4083
3628
3912
4540
5681
八成
3489
9863
9872
797
5187
除去
不對
8891
8797
4342
5807
954
8844
2049
7031
3773
個別
8836
3668
而是
啊啊啊啊啊
7787
3836
3053
9899
8251
3673
以免
5526
6347
9087
6934
更加
8967
6086
7426
7497
5804
6249
9218
0
6289
然後
2342
3094
134
5738
3646
5558
3309
1826
516
2989
5418
668
9996
1091
6062
3298
5696
8291
3895
1675
3067
恰如
1122
907
8885
4647
4823
7481
8345
2229
1102
4608
658
7706
3369
2382
2048
9021
1658
1497
7046
6814
1836
6277
6717
5139
8993
8180
4309
5375
8595
4442
128
2247
縱使
87
7710
9877
1089
宣布
2532
300
5988
5406
369
5054
保持
7089
6822
9531
7080
5490
3804
2199
4313
9449
5511
58
3567
1679
5769
7141
6631
8146
1614
4152
9927
4119
不得已
2877
8789
4821
830
縱令
2968
9371
其它
8419
1681
9956
選擇
1524
4720
4377
方面
它的
整個
8373
馬上
6998
5001
1062
9421
3606
7700
2291
1796
9438
446
3108
1366
9146
7056
517
8172
2227
2141
5232
2491
427
5728
692
7597
1953
8863
5565
5771
5601
4805
5846
1117
9185
991
2697
發現
9753
2410
4097
6296
5964
截然
8240
5247
5161
3711
7974
3191
8974
9760
一下
3757
9432
1723
8867
7615
4344
3476
2856
3623
992
384
6566
3239
4767
6095
9246
9445
322
3801
7461
3317
6061
3654
特點
3382
1468
3680
4364
3092
5625
4709
正巧
656
3983
9436
811
8506
7969
7743
3717
3401
1706
與其
1283
195
5101
7096
8426
7410
6937
上述
這麼樣
4462
531
7090
252
506
635
日臻
10
8462
3969
1500
3349
每當
6572
6367
5793
3907
8290
7015
3009
85
2450
主要
1392
避免
8020
1739
96
4225
8190
6151
2503
3739
153
6591
4706
7285
4543
偶爾
失去
3305
2631
9172
6672
偶而
2347
4429
4370
101
1895
6689
3355
6409
785
9620
8551
7837
4070
4438
7834
6660
237
5637
4711
從事
8137
2551
5976
7523
看上去
9894
7082
3380
7419
5726
6578
運用
4558
4978
5411
9785
格外
3867
6211
6461
4084
這次
2191
8237
8915
8296
3546
6335
3547
6907
6776
4398
7140
8997
4020
268
9444
2758
5016
4229
2069
即便
183
3061
4081
2346
4758
1606
9928
231
2594
8009
5560
8130
2166
9875
8573
甚至
4196
1941
1430
3315
5241
250
611
6504
7666
差不多
3379
斷然
4455
5243
927
1044
6285
2776
2848
盡量
5193
他?
7476
適合
4361
2396
6985
9315
3479
3977
4200
2800
4952
不能不
恰恰
2963
1112
2928
4242
9546
8681
2360
在下
1293
5444
4202
6391
6606
7409
5822
4479
8540
8415
7786
6539
2847
9129
9503
786
7679
6400
3036
4639
1798
5707
敢情
7025
6438
大抵
5874
9605
2187
7167
6170
7337
其次
8983
703
3440
4735
7093
另一個
7616
徹夜
2363
9674
2184
3825
..
9922
1553
6414
1875
3418
7241
5900
2993
232
7359
非徒
4124
1252
3930
19
6691
不久
6380
1260
3294
9110
6556
1094
2053
5842
9311
7948
758
8510
1173
2740
834
2499
乘隙
4583
9434
6200
31
1488
4554
462
8936
876
如此
4732
9611
8421
6360
2929
～
8686
2037
除開
3143
3411
3243
6100
4239
一刻
8766
6601
7551
2320
960
5078
3204
2521
2656
1244
6654
他是
3840
1642
2628
7505
1761
9895
5631
1664
4399
8061
各位
精光
6266
1054
2550
還要
9306
1197
9890
其後
9598
5864
5898
9613
1538
5614
6813
7995
1046
4601
7781
2541
8015
3686
6974
9547
3041
125
2110
倘然
6085
433
501
7912
3566
3935
不然
6495
7806
8443
9794
5492
重要
7033
4274
2749
119
1139
7323
3659
7373
5246
5347
夥同
9113
9120
9645
8706
豪杰
不到
即刻
2208
3232
7550
142
8431
豐富
6808
8911
8207
5773
其二
3780
9772
7876
1390
9281
5717
9520
1447
2093
3025
最好
普遍
7062
2412
4531
7189
2172
部分
9852
8728
9495
9535
9468
一何
哪個
9475
421
8196
謝謝
895
來說
3988
6995
3485
5946
808
2566
3618
7156
8135
8422
難道
6600
6251
6732
4374
7755
連同
完全
8234
92
2118
如其
5396
7027
9034
5617
7556
已經
5744
8031
9052
4351
7643
903
1187
7301
654
5591
現代
8478
9144
5386
基本上
4866
558
9698
4596
猛然間
7604
7464
5662
8835
1362
5030
2757
3911
938
3496
4120
1111
5434
2367
5037
奮勇
3620
7024
172
9196
9163
5835
近來
4128
烏乎
2483
）
1067
8775
305
5694
5209
7657
207
108
3636
6767
8201
7259
7159
7746
781
1008
3919
914
不成
1183
6561
168
5856
古來
來自
6920
同樣
2590
那裡
5281
早安安
4333
5721
8473
8059
4768
5660
3656
1177
428
361
十分
467
7295
6750
1491
5858
5750
2727
7306
5530
2244
7830
7802
6067
9873
4421
9040
159
9824
1351
9587
6531
5553
4822
也是
882
2502
4769
7075
1886
3273
倒是
5616
445
6736
具體
9771
8979
5215
4862
625
4967
反應
6886
7085
3755
1678
9328
2399
4287
801
2408
8720
3858
255
9286
9486
8957
825
7044
7114
8159
1400
意思
1835
8669
3820
8694
4782
咱們
1797
3057
2485
8519
7223
彼此
8427
1152
7327
2417
5066
7350
2575
7192
1977
8790
3725
1955
8579
7300
2637
956
8745
7510
5033
7081
1057
7467
78
8693
2660
不消
7609
2709
1075
9950
5146
852
這般
6473
爾爾
及時
6871
1030
1922
8877
5395
6118
4245
7235
1920
5519
6664
7952
2934
日漸
那個
1093
2054
1061
8351
3809
5269
6685
4502
7728
5298
1523
8244
847
6091
6013
0000
9401
7157
8730
2085
當然
8771
7998
8114
何須
7169
9827
6065
899
314
8607
通常
4426
4433
版規
7815
6235
371
實際
4156
215
8109
7444
1297
3445
1129
2278
210
5796
3165
9413
6785
7848
8133
6856
2223
2473
1369
8103
6923
6711
舉凡
7933
8621
238
1365
【
513
2384
3261
猶自
449
8099
8246
加油
各個
9415
嗡嗡
341
3871
9363
9612
3335
3019
1868
一轉眼
9322
4104
4872
3976
9388
5153
6612
5969
3747
1734
7809
7792
9860
6258
2088
5483
5425
2468
72
9651
7868
7058
1586
3265
8802
4691
9502
3689
2373
8263
2401
誰料
9505
我是
8942
5674
8164
5475
3288
6945
7175
。
2867
3672
4740
9045
1735
5305
8813
9257
5949
9277
3156
2860
4954
5175
8986
親口
7732
8131
5378
9907
1205
3901
8553
1565
7592
6033
7972
181
4961
2673
9341
2456
8100
因著
1937
961
6680
5859
什?
5134
5063
6306
7207
297
2122
7203
1557
剛才
5735
前面
8851
4363
1511
573
4231
5609
2427
7718
1758
他的
7891
6066
4444
2494
267
7328
5792
1086
5121
6488
1643
3157
5503
3790
2744
嘿嘿
1338
5410
1657
1421
2880
3674
5594
1137
1467
4999
7672
2595
9702
4293
848
假使
3259
滿足
5248
7240
9809
必將
7889
以前
1455
68
5986
4317
7635
9352
以期
863
4402
9955
矣哉
278
292
9215
7053
9454
5987
1722
8734
2103
2920
1035
這支
2082
2713
2126
1596
5307
8659
3038
上下
6386
289
4463
9998
1160
7438
7584
5055
8215
7199
7958
1949
7667
3591
3345
790
8671
加之
6801
3928
6415
4807
2729
9319
從嚴
6829
1045
6757
8161
7601
1646
8581
自從
7362
8995
3311
5882
2795
8634
6590
6893
4165
6555
2405
395
4779
3534
1208
5473
得到
1437
4175
8255
1874
6321
5484
2263
5815
3529
9570
8572
6935
8778
引起
「
7415
6203
3893
7923
5695
9456
9469
3098
8259
8072
附近
5439
4176
3488
7822
6798
7115
維持
入手
這有
3065
1984
8718
2120
5002
975
3600
2196
3593
1812
5736
2254
以來
怎樣
99992108
9737
1219
3063
6443
926
突出
407
530
5658
要求
5276
327
8972
8147
4992
爬文
5509
3392
2789
5926
3742
4969
4337
曾經
方能
2917
1957
各式
8817
8644
9007
3153
4031
1857
8886
9677
1549
1775
2374
3251
9676
7692
1029
4088
1859
7473
1070
5234
8153
4982
2297
9932
9420
希望
5703
9265
5913
8927
7057
8429
7503
；
用完
或則
199
5941
6912
8375
774
4172
8245
9576
7561
126
178
7793
1653
恍然
5294
6636
,
6486
9201
一筆
湊巧
921
再次
9056
7662
458
1916
當著
7565
8143
6663
2739
3386
7757
6264
3878
4418
9081
經常
2798
6050
9829
5081
8717
2779
3528
8002
650
542
7560
494
6517
2165
3465
2703
9037
1540
8463
6747
2580
3548
5788
4980
5921
822
9202
2425
6041
5213
757
3278
7962
1285
5313
9259
之後
754
3918
4017
4544
某個
8541
7222
如果
00
4966
6220
129
1972
3873
7289
2751
5109
1671
3577
1946
9145
6568
4201
庶乎
8399
5661
6698
不再
4164
5860
櫃姐
7511
8461
4690
9391
2047
4984
9213
887
994
641
誰知
9864
8451
160
9187
6897
6879
7338
4717
5652
6739
7501
7353
4077
35
除卻
8466
7490
7132
5197
2150
5273
一張
509
3508
6682
979
2162
5569
5534
什麼樣
5462
4042
2480
3775
5183
4535
4233
4382
5870
1652
7748
2983
9137
4959
2504
7128
9407
親眼
8561
6584
1279
3891
4916
達到
6456
2270
9595
2611
4001
7568
6540
5740
6775
8652
9846
1416
9909
好像
2289
8733
6503
4599
8014
5579
6397
4141
6437
8928
9088
3765
719
換言之
9684
一點
682
每天
5435
9642
您是
4678
暗地裡
6774
當真
3744
僅僅
8424
3450
9247
1969
7744
4066
5683
7101
2687
4073
3435
5561
為此
1326
444
親身
3631
4144
7722
8338
抑或
有關
2965
4622
301
呼哧
276
恰巧
此地
5133
5654
6394
3862
7393
不只
353
116
7150
5914
2044
也好
8412
7502
3847
8773
4359
9600
7230
2432
5537
6914
5548
3234
2064
7
7347
7477
4047
2654
6653
284
7020
3237
1243
9266
2851
8624
521
2458
336
559
5734
1548
6432
9743
2822
方才
6841
4580
4824
9479
3855
5450
4929
9589
2356
1514
2960
6081
5256
純粹
1978
是不是
3126
7862
768
77
1376
常言道
3617
1328
6620
7452
夠瞧的
1656
9472
9700
4642
6402
2285
5291
8448
2868
6583
6068
7536
4555
2146
843
不盡
具有
6259
9709
1327
3647
不得不
5832
5044
7425
7709
8586
！
4888
5682
1601
4527
1131
3536
4389
413
1120
1966
9000
8592
5048
5958
3557
2106
7448
受到
7113
3136
2469
2211
7290
4990
動不動
28
1017
9167
6749
450
7642
4214
5013
4756
495
6018
324
8571
403
5464
6530
4057
3523
7983
245
9673
喜歡
4160
4902
9554
21
6888
2588
7342
8300
7421
2107
2770
2109
8006
默然
8700
5758
3104
6310
2133
4972
2090
4591
4189
2780
9330
2206
7487
6604
5612
6843
8284
4667
8063
4757
8645
2886
以後
4789
5877
4408
5722
9971
959
間或
如期
7688
9550
4921
5463
8066
414
849
955
677
5060
7587
62
哪邊
7434
7316
重新
3226
4316
突然
8526
哈哈哈哈
1186
9288
您們
4277
3723
7006
6014
有著
6746
1380
8357
3080
4841
8825
1534
2308
竟而
集中
4468
來不及
2737
7668
9349
6665
8440
仍舊
9375
呼啦
4135
5195
1303
4221
4670
彼時
8806
6768
2226
6718
2523
連日
448
9687
6462
5284
/
繼續
8852
3170
6738
2912
7480
3707
比如說
8413
不料
487
9859
8941
37
3580
3857
8200
8702
9997
3070
2756
202
6633
2157
4935
4977
8136
別人
2083
4456
3558
2839
1247
3420
4584
1393
2742
另有
3590
3138
7149
151
3921
一些
為著
5778
1315
6792
儘管
2221
4322
3354
8409
4795
4
6873
5080
4616
9822
何嘗
192
8756
562
2056
3177
3630
3074
9011
不盡然
3537
9032
8923
4350
8482
的話
2124
7351
2547
2323
6001
一度
4864
9926
4882
47
6236
8090
7277
用來
6406
4365
6947
9622
7955
8005
應當
742
2668
無論
7658
4958
7110
432
4846
2487
哪些
3789
1759
般的
9019
626
9060
9171
7408
6104
單純
2828
交口
若是
4392
627
856
1439
一定
1406
7803
9638
8249
878
1135
累年
3592
4131
5733
156
880
4092
7589
4645
6217
972
5103
1809
8328
提摩西
6982
6925
4964
406
行為
1083
6639
844
7838
2927
6609
7330
9139
9842
8396
4149
6570
2460
7253
4589
196
碰巧
1897
1383
8374
人人
6271
263
4727
859
6470
8186
155
1924
6384
908
5110
7331
4922
3121
3172
7812
8731
418
4851
9233
8225
8021
最近
402
3979
9141
8029
分期
1011
1034
7759
813
1381
9974
9089
2759
392
9566
2395
865
當場
4664
8516
659
5465
9152
9524
3915
367
6909
5931
4026
少數
暗中
1442
隨時
5164
6603
6401
9780
很多
4526
7914
哪年
1850
為什麼
7979
1428
2335
73
756
明顯
7038
以及
5130
4067
5613
率然
7019
6863
2426
3736
一席
組成
8349
648
3122
8199
1456
5595
916
非常
8647
3507
8019
8747
702
4719
8386
6990
9867
9013
7864
2924
3818
3340
7532
5830
7376
7775
趁早
7711
1783
處在
3159
ㄟ
1774
因而
4049
9858
8113
7863
9724
2495
9359
5867
4867
230
3268
2802
6784
7095
7896
4015
產品
7841
6695
5720
5865
9915
549
9788
4304
這?
2560
8978
533
9409
7202
9017
6343
4553
4493
4427
3168
8118
7121
2420
7810
260
3474
274
1625
5216
6508
大體上
7934
9908
929
1518
1788
8391
528
5756
5079
3299
3916
7938
7628
6791
3047
7897
4112
7109
9426
6455
7491
7118
646
6108
3794
6726
422
1191
622
1412
8080
1441
公然
4101
1727
】
9694
846
4517
3147
2655
9324
82
5939
6869
6842
4570
4095
4300
2329
7459
7519
1562
8917
1707
6507
4090
8323
一致
2819
745
9866
6731
6594
3236
4303
4197
1993
7216
2274
8295
7296
3997
9581
3965
5784
3814
9446
8310
7339
4347
4395
5424
136
1440
7271
8582
1374
5227
長線
4249
478
8212
4830
5125
273
594
2051
6740
7297
3733
167
6921
6627
6756
5039
3356
孰料
2369
3987
5956
7357
別管
1321
6142
4813
3187
5676
1932
5868
6244
1649
7596
5047
兩者
1420
4115
9769
9774
8498
3602
3944
5191
按照
2949
8882
1556
8268
5217
8723
5908
3052
其餘
9134
9353
2298
6966
114
7571
2531
繼而
2368
7324
565
4147
9085
咋樣
4948
9707
只能
5454
反而
7771
2176
5539
5018
，
2411
2878
1317
2213
9500
6176
8864
1433
179
1480
3941
7594
3306
9232
大凡
總之
2718
6586
4368
4241
107
此處
1591
2629
8123
設使
9101
7780
466
7406
1793
5980
3225
1071
748
5206
3777
6358
覺得
反倒
4397
4155
3565
1816
7887
695
6981
既是
7286
5433
8724
5102
4349
遵循
2642
57
8472
9767
4393
4957
1134
363
9804
9219
2755
585
793
1685
3120
435
3954
4684
5814
8353
9290
9030
6744
259
5673
707
讀取
2559
4420
7634
3068
←
623
問題
1855
7540
4748
9386
還是
2449
3075
7921
3467
6167
1604
5551
8548
2135
相反
8034
8036
----------------
917
當前
9596
7945
3886
497
545
812
5872
3285
164
7763
1036
6139
5469
539
2633
4325
2463
1980
7496
6707
4686
極為
1877
想著
9669
182
2818
8890
2869
9325
44
7917
5257
9327
3870
7525
4522
8954
4991
6846
7372
7278
3579
7078
3776
426
6851
3695
看來
1436
怎麼辦
1174
存在
3699
6152
1921
8819
2140
1189
5233
3231
3865
2505
8446
9235
8202
起頭
2341
8023
7310
9826
8719
我的
5499
964
9825
6938
8638
4194
9111
3162
3586
8124
1943
8793
9775
7158
6022
（
3573
9346
4509
3996
必定
9441
103
70
7682
5238
5977
1210
3506
6758
8640
4632
3246
真是
5270
933
3081
1184
2908
706
7747
9405
3715
2393
4942
2714
6589
6826
9889
6480
8312
6375
1211
106
6256
4151
那麼
9364
3518
3404
8627
5618
2578
7985
5899
5952
4271
6009
6723
18
從此
5843
6383
6110
5402
1121
662
合理
9014
8755
5619
8189
4371
5460
2261
5608
6331
6877
6344
7126
敞開兒
8552
4649
7684
6554
2723
5042
啊哈
3428
為止
8987
2557
2563
7624
3130
5004
4920
9166
3589
轉動
854
872
3464
5653
9507
8188
3854
2573
說明
3377
2678
8940
1960
